5000 4334
381 572042
462 58127
495 337195
622 242029
712 288682
743 66335
976 431709
1148 753804
1217 605751
1566 131665
1706 226210
1939 263390
1945 431014
2357 591848
2411 371350
2899 144395
3148 23493
3582 248135
3760 842018
3977 479781
4157 313610
4285 589410
4313 815524
4374 789492
4404 160273
4466 828410
4838 629529
4956 888063
4960 899016
5263 184464
5695 729465
5995 250375
6118 297681
6307 119763
6315 36656
6465 276067
6632 996136
7125 867495
7133 434041
7237 976008
7239 934164
7396 623747
7680 482664
7845 151364
8175 36626
8180 835868
8293 571058
8643 451613
8688 994459
9029 333148
9059 569823
9143 71982
9302 601502
9902 515306
10153 628266
10499 152210
10589 414879
10604 353269
10605 296407
10856 950093
11015 707646
11085 349266
11361 598919
11550 841264
11788 67818
12117 534182
12523 913213
12614 750207
12707 35519
12934 927188
13071 459650
13305 687929
13405 196838
13627 574631
13767 278622
13907 807753
13962 669541
14090 366448
14463 246410
14486 346656
14635 638201
14641 607624
14835 300194
15073 459835
15149 402707
15297 644754
15757 317695
15875 89670
16120 951766
16137 832377
16308 41575
16412 710434
16447 215614
16703 72255
16758 512681
17002 426024
17165 523770
17705 153648
17762 526267
17982 681500
18142 916703
18347 854459
18382 127866
18565 412347
18948 645040
18997 623903
19235 45938
19769 302428
20018 766331
20103 969956
20121 165331
20222 209590
20234 650848
20325 751945
20398 732275
20487 542320
20834 222038
20899 192258
20971 522289
21227 35480
21296 153845
21400 759417
21632 872772
21841 129658
22441 875534
22600 767778
22993 501473
23051 996065
23217 493288
23245 83576
23384 35541
23509 737754
23516 845685
23582 789966
23621 835771
23815 857275
23827 820969
23841 600414
23844 50417
24090 552699
24216 260510
24242 43493
24485 562846
24669 716343
24682 871761
24822 455908
24995 289700
25057 606264
25127 445702
25218 31049
25848 277592
25864 801686
26057 746795
26127 302351
26465 837178
26775 874085
27266 486740
27725 364198
29003 848389
29067 743185
29188 640471
29365 169255
29610 756413
29808 895674
29941 532477
30015 970319
30055 161044
30248 939599
30281 173732
30352 485972
30393 419398
30464 252779
30482 235303
30592 212485
30816 487506
31063 359678
31362 29268
31573 111565
32012 923137
32096 580189
32143 919298
32354 101828
32958 444356
33206 113592
33339 230649
33387 962851
34056 716236
34290 342746
34365 878107
34406 736271
34464 947824
34474 208479
34686 918349
35100 463409
35479 961359
35528 3857
35761 970470
36234 241478
36257 626232
36264 279153
36356 719463
36633 146085
36704 95600
36836 354749
36942 130254
37103 88805
37279 696771
37532 24987
37539 226044
37616 553022
37626 394444
37730 739167
37823 403950
38803 287340
39165 359630
39535 140748
39551 399388
39816 418649
39942 46688
40354 118577
40420 99634
40613 652028
40678 42120
40776 813570
41019 407626
41051 689237
41322 759799
41323 350879
41354 333445
41956 998640
41980 28755
42213 298441
42230 83311
42404 769356
42488 838844
42664 173039
42744 124285
42868 258499
42965 760856
43059 62182
43068 976277
43140 823002
43347 433916
44098 9146
44143 977811
44442 831472
44472 167928
44506 107336
45068 566425
45243 856985
45335 308549
45566 713827
45887 765565
46945 458240
47353 85673
47903 849982
48294 371289
48711 833063
48802 99262
48913 384974
48971 237282
49945 442158
50169 115089
50660 352133
51073 103306
51087 307816
51327 916062
51341 12487
51611 370107
51681 734958
51759 815732
51999 800287
52004 228793
52084 676369
52423 66681
52778 836436
53191 828963
53419 973267
53804 219895
53892 503683
53930 222598
53942 614468
54115 405531
54207 260885
54420 28452
54674 477807
54691 563379
55248 234430
55326 156979
55447 884845
55571 101097
55702 691460
55900 632906
56149 750256
56156 308532
56212 791910
56251 317894
56493 919624
56774 654172
56784 272645
56892 934587
57157 241105
57431 571144
57520 692486
57828 543826
57969 523918
58254 736933
58431 111253
58523 532166
58672 579788
58952 75114
59164 485265
59230 381668
59300 168526
59433 651281
59601 321663
59621 811178
59945 296471
60319 67230
60638 442036
60644 665335
60652 633638
61014 913125
61144 690051
61329 162869
61402 103171
61550 966294
61689 247946
61807 772293
61836 307226
61843 35416
61986 163605
62337 247659
62430 326612
62457 171796
62681 25713
62828 777143
62854 302409
62886 74091
63023 469520
63315 766767
63545 210844
63809 438677
64026 150094
64271 349701
64380 548240
64526 419195
64537 684201
64698 802928
65010 795494
65679 940637
65818 847698
65987 706115
66301 523901
66948 463563
67172 589896
67356 865262
67451 598799
67630 894699
67693 159312
67879 939772
68155 501762
68461 870226
68479 300840
68632 352998
68642 471537
69046 435465
69388 728130
69651 375650
69717 501135
69842 366893
69939 206465
70086 497035
70582 927872
70748 763513
71773 506496
71996 777447
72016 774041
72207 117290
72285 97342
72513 203403
72589 581369
72603 371709
72924 982646
73083 611797
73087 718472
73162 461879
73236 912587
73365 802297
73714 466592
74136 647913
74241 641321
74345 104536
74362 473953
74420 596291
74503 978357
74848 294844
75129 638250
75244 903989
75489 998623
75555 866370
75710 431076
75799 138986
76193 572914
76783 930101
76788 726606
76899 663459
77155 513371
77477 520958
77557 99318
78109 230805
78175 802008
78276 174233
78817 180999
78947 350149
79084 224810
79535 802722
79660 823471
79770 148446
79771 18023
79843 795763
80360 420521
80396 185966
80457 59638
80608 4613
80830 994068
80915 284274
81047 889370
81088 335505
81092 481882
81171 520612
81316 549119
81339 618268
81371 41247
81500 663221
81927 806501
81998 853219
82045 990967
82164 276646
82470 961968
82527 921066
82840 920941
82849 532809
83273 778873
83351 819721
83585 769129
83724 972846
83877 573788
84173 929722
84800 911936
85169 853499
85219 973060
85244 598660
85374 395992
85455 380878
85877 164029
85934 393263
86076 588130
86121 754534
86174 854188
86271 522450
86513 535303
86590 250139
86751 517285
86793 101366
86936 498450
87185 570157
87304 154909
87381 546027
87579 588938
87681 604574
87731 389221
88165 7605
88265 794378
88272 729535
88568 114800
88853 285310
89406 454905
89997 963322
90069 519390
90190 410583
90253 38961
90460 350930
90554 573129
90815 747332
91027 949494
91036 806333
91066 545779
91290 334000
91408 695717
91610 383258
91641 488433
91692 333969
92142 635946
92593 264028
93047 708331
93225 174828
93228 263012
93496 103710
93703 685809
94016 556999
94153 545687
94435 285562
94453 942978
94706 569487
94763 809733
95254 577329
95455 690117
95601 429181
95859 931293
96005 629275
96197 643682
96304 433338
96321 314356
96851 118162
96908 243817
97177 414350
97227 741128
97666 904282
98060 644555
98061 403879
98162 340509
98528 827253
98664 314322
98829 994739
99446 607701
99505 67924
99534 459566
99742 609296
100109 374194
100345 184618
100417 534043
100729 925633
100832 912381
100951 696925
101575 234592
101808 861269
101897 617185
101904 644914
102301 494130
102352 587005
102540 426579
102594 302124
102943 202043
103158 786484
103630 283294
103662 824683
103681 565854
103686 457783
103717 748835
104334 376896
104571 158688
105298 702686
105607 306027
105666 25189
105693 153216
105974 579025
106228 750426
106264 992179
106411 304425
106873 677826
107152 460589
107169 374849
107629 622700
107694 273113
107988 757105
108061 264484
108083 247783
108125 515777
108355 370173
108379 417945
108438 899604
108495 234281
109192 540551
109218 803046
110157 527086
110278 217471
110351 46054
110802 536891
111211 663425
112283 961673
112710 693109
112836 742087
112868 750963
112930 479789
112954 121441
113044 888870
113431 763521
113501 673668
113672 65237
113735 742229
113778 712226
114246 386995
114261 202132
114729 940857
115051 321669
115226 564427
115523 125740
115953 307322
116331 887993
116378 127509
116429 299598
117424 984346
117480 654059
117622 824634
117750 326032
117753 342693
117771 24508
118011 623190
118306 955883
118478 620630
118495 147905
118654 316260
118696 939790
119183 635963
119411 786532
119654 969927
119963 484937
119971 804029
120030 975627
120121 74861
120192 50884
120358 958848
120444 357408
120457 141215
120829 622546
121116 642278
121389 266020
121686 788343
121696 544720
121750 829116
121808 852971
122136 648666
122271 879666
122606 316058
122717 142680
122820 587293
123359 273556
123560 242350
123771 288563
123882 518940
124188 454397
124445 949856
124849 140792
124961 904511
125224 453142
125383 520873
125989 893478
126215 392823
126554 803756
126673 491167
127280 175876
127398 258639
127541 231826
128601 220126
128730 518269
128758 521131
130073 929955
130203 305973
130392 66495
130622 947592
131018 845660
131054 711349
131136 67042
131220 540795
131242 418422
131486 140051
131586 435148
131703 708867
131796 111988
132421 405258
132655 751664
132744 816057
132776 989344
132976 992176
133220 742824
133370 496451
133595 426352
133612 988903
133650 16794
133696 433825
133851 828283
133968 594844
134070 364266
134241 413983
134319 274458
134939 168038
135051 907940
135375 175850
135382 888957
135390 536525
135418 872975
135573 678243
135626 556908
135806 885707
136465 497962
136596 568862
136612 843254
136865 502167
136910 915981
137092 447815
137101 589527
137266 452606
137417 750152
137974 586405
138038 13101
138264 967928
138298 636059
138608 954554
138884 393626
139518 464806
139604 304706
139629 173518
139852 629662
139953 183135
140134 175829
140216 54909
140412 360358
140543 353422
140669 978270
140694 964220
140773 157362
140774 812392
140826 105416
140938 320131
141002 41902
141568 386001
141950 271468
142319 561292
142441 867509
142976 459556
143001 207186
143036 191581
143206 232147
143590 928940
144296 280758
144303 626441
144532 114180
144574 166461
144972 571798
145671 799688
145719 94672
145799 583904
146089 869147
146429 562360
146688 15532
146839 949590
147783 655218
148207 306508
148294 367501
148517 201662
148850 42849
149106 865121
149166 312626
149225 416166
149283 397527
149346 833903
149431 400225
149496 715472
149578 255526
149862 914943
149887 515370
150227 58312
150638 168252
150903 659437
151011 947175
151196 331864
151250 883801
151314 955444
151640 939017
151847 810183
152178 325494
152315 915267
153168 95870
153189 570195
153411 189989
153467 492933
154403 552458
154541 238089
154558 690850
154650 27459
154767 170519
154931 462435
155588 316543
155674 139276
155784 515767
155896 691137
156856 331007
157138 596767
157494 377805
158172 913466
158240 33708
158417 187300
158524 852817
158701 16963
158974 651665
159547 549179
159555 947077
159606 50780
159695 145727
159942 384068
160030 861441
160209 848009
160359 756612
160410 760648
160562 489778
160980 634391
161047 641771
161157 856669
161471 921563
161794 263522
162021 958480
162348 859077
162378 493384
162626 481710
162805 464302
162830 445007
162907 266711
163011 133781
163127 859627
163271 231884
163301 938508
163314 795121
163603 576791
163708 57120
163766 199660
164024 274722
164533 285313
164683 307496
164735 325529
164782 943612
164855 357740
164863 607648
165042 998510
166025 423423
166342 442024
166493 674515
166655 64767
166782 928630
166935 624375
167078 52732
167356 423312
167490 802680
167625 842241
167647 470567
168180 427695
168196 221254
168225 582320
168401 571342
168415 683812
168535 302614
168617 91939
168758 717713
169226 64514
169228 265053
169303 345060
169354 771026
169623 45385
169870 630698
170441 584655
170513 714217
170575 759396
170648 121402
170777 190650
170916 820863
171089 352829
171111 144287
171213 48313
171254 944125
171513 111349
171709 90409
171763 408065
171918 227831
172071 666713
172533 926226
172839 110970
172968 87594
173407 517699
173572 23781
173955 758595
173981 658943
174294 952218
174517 99164
175084 232153
175448 113483
175688 778066
176004 398034
176412 21862
176528 333600
176553 853945
176672 901563
177000 319959
177031 91201
177209 477073
177348 286761
177598 304954
177629 253463
177711 311525
177725 350061
177823 467824
177955 615094
178403 7807
178410 514580
178602 983483
179121 875251
179446 387286
179518 771687
179592 945127
179958 256323
180050 225696
180103 807591
180406 132667
180523 335404
180560 86876
180565 656616
180616 187262
181331 843805
181415 89576
181924 363592
181971 820147
182003 660244
182542 611577
182797 294216
182908 378679
182955 185994
183095 814551
183292 777784
183422 653047
183483 402391
183619 818566
184268 261290
184285 544086
184559 751268
184904 458153
185057 442568
185486 870551
185826 920134
185933 753433
185944 473845
186474 605966
186894 869777
187019 441709
187132 508502
187150 301701
187265 537373
187332 733897
187478 27063
187613 803021
187914 969420
188043 859048
188073 633104
188139 428912
188307 135465
188787 219320
188817 80630
188890 176289
189141 476411
189194 193181
189464 366553
189537 222521
189578 205820
189877 479605
190133 949373
190180 512620
190481 571635
190607 231990
190634 631261
190689 227818
190880 567037
191116 547851
191339 24643
191382 883410
191503 878663
191940 669357
191994 385123
192130 642434
192178 975439
192482 53267
192638 134352
192754 541775
192972 871429
192986 513812
193000 807340
193060 420232
193115 781097
193147 415024
193226 495890
193525 773650
193593 223239
193867 692930
193999 51448
194148 77913
194321 276761
194322 349246
194486 621735
194529 69442
194602 931724
194796 276633
195458 449707
195782 772897
195918 383154
196380 172563
197119 835029
197186 890407
197325 481474
197450 976356
198182 603336
198560 583525
198600 749955
199648 925037
199907 42198
199969 356848
200225 246261
200237 74095
200419 648947
200863 328566
200879 83205
200886 4963
201012 531619
201072 445343
201081 524887
201124 133353
201544 792251
201554 160146
201902 224474
201946 240286
202144 82715
202374 949920
202661 301645
202724 284264
202768 232429
202834 533433
202892 822050
202971 793648
203006 935941
203130 679664
203623 875132
204416 69115
204550 299092
204636 561271
204648 517025
204804 723359
204870 32249
205036 740099
205153 97267
205503 673186
205658 710958
205690 371521
205787 88733
205914 299472
206426 468245
206489 911123
206587 801527
207594 725803
207637 422493
208154 511865
208255 54839
208491 711439
208526 598070
208734 131178
209004 182190
209058 437125
209356 951443
209419 490555
209591 279868
209789 54163
209909 860615
209910 745856
210015 854915
210168 889530
211011 827014
211132 652287
211365 767516
211409 906267
211671 329816
212005 372444
212587 427588
212862 628886
212925 400711
213412 392283
213514 923683
213679 913625
213928 26411
214037 413526
214063 853449
214184 956437
214468 568433
214489 369211
214556 905706
214838 238206
214851 618762
215003 879904
215008 2664
215228 43261
215448 498574
215855 582329
216093 209452
216267 540553
216720 605443
216944 747394
216974 137363
217180 744647
217343 823648
217427 990422
217592 860230
217632 154672
217695 680353
217799 459273
217852 151761
217865 963843
217888 773826
217976 927297
218030 458862
218235 251928
218347 351065
218401 902525
218741 884623
218754 616625
218757 625893
219022 534667
219160 26323
219593 41148
219983 108569
220202 217823
220258 864952
220357 448310
220859 476765
221105 297342
221282 664303
221490 387115
222367 140198
222770 189575
222921 713362
223127 762507
223205 884821
223234 54143
223290 583770
223384 192601
223603 106317
223660 152458
223852 124837
223910 226173
224147 596355
224297 797172
224318 851550
224852 402018
224874 1384
224879 480768
225052 160594
225146 431430
225501 258947
225846 985277
225890 507930
225904 18211
226614 827192
226934 110356
227128 793168
227565 234936
227768 798160
228312 593896
228717 265712
228973 481962
228981 682823
229582 376841
229636 670944
229815 486998
229989 817438
230039 163276
230450 37173
230609 736690
230950 957528
231013 66283
231169 195450
231571 36679
231760 889150
232021 555649
232133 292215
232999 586304
233025 275126
233423 977391
233668 156905
233726 123757
234124 187199
234199 851674
234260 301104
234355 547676
234590 740539
234704 769347
234996 627339
235155 433102
235452 544322
235653 850291
235820 386511
235967 703645
237056 108445
237079 187982
237280 739587
237447 978773
237488 149565
237821 366970
237907 278894
237919 360020
238065 676081
238341 496223
238513 371410
238554 526695
238960 901927
239162 48486
239250 144098
239574 671733
239725 650990
240087 852405
240745 276055
242146 886110
242169 319258
242288 940129
242448 907332
242811 620368
243006 556360
243238 198210
243761 148498
243795 575983
243923 836347
244111 209116
244670 747163
244785 622522
245661 679151
245798 515392
245809 1892
246038 137256
246328 781032
246332 605144
246473 240807
246590 244574
246591 436573
246914 345665
247048 839496
247307 316948
248350 221929
248355 576284
248548 462947
248791 733676
248807 637409
248956 794355
248961 661960
249107 69762
250042 592455
250321 443996
250371 499986
250642 766957
251198 661436
251268 937444
251364 20927
251805 351047
251854 553124
252115 232563
252313 854857
252373 614915
252391 798274
252903 162129
253084 904711
253257 197651
253375 740031
253467 471548
253503 370911
253571 110904
254033 670340
254055 493136
254269 434925
254281 562144
254721 253904
254800 966497
254848 154886
254853 574160
254991 421395
255126 77027
255387 527407
256105 469141
256144 638757
256833 410153
256900 886422
257221 333297
257760 908180
258005 762381
258366 776566
258831 820667
259322 908407
259361 695310
259385 869090
259788 526967
259908 364808
260110 159233
260617 432486
260696 221792
261006 567474
261520 773644
261545 170691
261843 252112
262009 497416
262258 191460
262300 626672
262409 198508
262458 903935
262551 543647
262689 580921
262812 360494
264023 445936
264041 494640
264061 363428
264539 747619
264652 650353
264669 724694
264674 450693
264749 627987
264939 789589
265008 3506
265336 909474
265427 432389
265495 138053
265498 529024
265636 251116
265649 170559
265807 549729
265975 999459
265982 676811
266011 249224
266249 983797
266428 764652
266596 825997
266673 56945
266739 683528
266745 324018
266834 184520
267089 97943
267111 659359
267353 55450
267556 55561
267660 291961
267799 562281
267889 416234
267942 674998
268021 739099
268163 752745
268338 286923
268422 154272
268745 723372
268948 993516
268980 920535
269272 235899
269414 442919
269438 608783
269598 108543
269878 914060
270146 507897
270188 878402
270274 671386
270549 297354
270653 586366
270765 710575
270821 608854
271452 402293
271697 774240
271740 572760
271913 283926
271993 91860
272105 156574
272354 680956
272556 7999
272930 511017
273073 420289
274041 506107
274113 961002
274231 822836
274342 787576
275367 931480
275468 971061
275716 763879
275818 581804
276076 908323
276102 425170
276152 976747
276186 383225
276419 199960
276470 337137
276603 888170
277027 894117
277186 674094
277389 819198
277398 5478
277741 248048
277921 971488
278142 490589
278210 395677
278313 516237
278341 781216
279233 948802
279341 331725
279406 743135
279472 385868
279809 478663
280248 902272
280259 668825
280298 554708
280328 619229
280744 43405
280801 978720
281502 907685
281768 501555
282579 211403
283061 465362
283603 895420
283641 478808
283719 150794
284069 312748
284377 930856
284658 901379
285052 756887
285153 136962
285291 614556
285373 625414
285400 813410
285409 430308
285423 440096
285493 39787
285595 509027
285683 132535
285757 322993
286400 168728
286691 297203
286773 513151
286876 508981
287120 184080
287894 584970
287930 310022
288094 45410
288148 980415
288279 38110
288363 568279
288699 458479
288727 552876
289031 335784
289164 328328
289312 874454
289932 999842
290313 684593
290322 990258
290677 702493
291410 54972
291515 35039
291518 728102
291688 23946
291695 543528
291798 637306
291914 352771
291918 86728
291937 884707
292091 339333
292382 762793
292426 428534
292631 105299
292806 31698
292902 721081
293298 660042
293508 185333
293572 336882
293801 890139
294031 322453
294165 238514
294268 673899
294287 860362
294446 980422
294834 908195
294986 144583
295402 239697
295507 818865
295704 760236
295867 468684
295887 244426
296318 588886
296445 102574
296548 635824
297226 285784
297297 365465
297557 21777
297689 835395
297738 513878
297836 484838
297967 551977
298036 74619
298535 69793
298917 706649
300072 626878
300195 578375
300254 431536
300298 142899
300391 453925
300476 600053
300982 408655
301352 210650
301373 801653
301468 965327
301493 230071
301570 384624
302024 238309
302429 280193
302446 115125
302751 162694
303353 99571
303359 960314
303444 32818
303594 375045
304113 261724
304257 246813
304599 693885
304629 883625
304777 363704
305065 756
305329 441690
305332 428264
305605 353996
306070 832855
306399 458027
306676 160645
306958 311772
307332 802621
307559 48327
307661 171478
307674 628728
307895 83998
308069 649612
308259 730448
308279 131642
308785 371478
308845 630939
309254 972608
309437 967152
309507 849163
310356 265681
311010 26875
311149 384464
311443 891678
311523 128778
311619 452353
311685 650762
311706 643757
311724 821235
311757 790144
311838 477172
311894 891904
311975 523524
312210 250431
312357 120069
312482 568721
312756 525046
312821 363218
312832 696553
313051 848327
313307 376341
313377 592578
313690 878276
313878 381966
314343 478461
314481 187612
314720 351377
314982 281785
315076 39832
315272 656146
315360 239858
315797 910659
315855 819304
315861 605469
315888 532582
316109 192826
316243 122192
316438 228452
316664 618501
316905 692836
316931 624005
316975 461483
317500 472358
317666 676951
317751 600204
318505 489012
318553 856049
318626 56587
318851 149271
319105 348553
319110 740925
319271 860836
319573 520821
319627 738220
320084 974044
320124 159078
320299 194559
320640 494300
320672 883915
320767 278091
320825 641655
320833 912282
320877 71273
321157 493043
321896 485443
322137 386791
322337 138193
322443 680695
322679 797415
322786 767847
322792 598187
322837 723469
322871 425609
322875 490029
322925 925671
322963 302886
323024 293377
323058 264009
323276 916858
323325 144442
323413 192520
323645 501640
324093 308320
324142 566526
324217 467303
324269 792245
324643 515009
324846 515952
324941 655512
325151 809990
325261 214709
325405 120681
325495 735371
325835 937972
325910 885279
325922 340967
325929 601535
325974 447019
326263 518112
326501 329785
326505 253922
326801 581859
326921 201030
327223 353206
327373 356144
327437 476479
327584 342708
327791 532158
327811 345013
327954 285525
328030 39428
328372 379607
328463 397158
328607 292330
328853 305638
329180 858449
329195 104812
329548 62417
330334 401188
331115 661850
331357 426023
331405 457764
331499 913960
331579 915468
331588 534987
331649 580916
331934 500633
332178 192167
332434 289021
332439 672422
332975 925352
333107 383555
333158 297350
333346 514042
333363 406059
333364 420748
333428 481188
333778 158123
334042 925111
334115 181310
334289 562104
334528 639306
334754 574306
334895 919188
334902 726498
334998 160898
335012 294648
335042 616327
335065 925894
335099 769557
335125 95638
335211 244522
335470 70102
335521 468111
335576 196568
335593 240523
335701 326790
335771 860440
335965 492589
336253 716799
336435 891628
336492 245174
336616 716136
336886 523425
336898 713951
337053 910994
337146 73978
337188 148163
337247 592996
337269 157545
337548 951850
337793 546537
338264 784367
338326 475431
338971 995162
339319 897136
339588 371566
339890 72572
340504 493679
340536 823674
340663 864371
340748 561447
340774 306611
340814 954469
340962 303680
341133 953958
341214 426474
341285 415825
341403 82312
341797 668700
342094 792969
342126 798278
342247 171244
342878 932410
342931 194120
343389 472353
343693 172073
343928 303067
343966 171046
344001 640660
344083 21884
344137 931985
344148 190526
344506 841515
344626 507515
344655 473642
344826 594954
345142 150749
345228 718573
345394 178915
345568 577982
346272 240027
346476 800241
347136 383074
347140 232622
347225 105288
347357 663887
347442 575641
347625 475541
348007 596359
348080 609096
348110 837895
348147 761532
348208 708561
348542 621052
348660 990917
348807 922858
348810 650532
348938 479957
349064 412489
349254 72444
349449 968352
349499 84111
349567 39149
349880 928675
350594 701985
351131 707154
351450 209722
351750 460977
352044 380315
352387 919277
352695 223234
352722 91279
352794 298750
352953 485522
353070 504178
353180 208583
353547 837589
353632 610208
353654 260210
353951 183721
354159 163868
354226 898789
354298 521914
354426 298082
354486 905347
354860 275843
355227 109324
356248 796478
356879 152638
357032 654976
357430 847662
357650 852249
357764 129513
357870 239269
358084 114643
358243 382535
358274 467682
358586 882136
358668 691210
358876 392847
358881 478366
358951 50428
359091 785306
359631 490547
359700 940613
359720 13038
359949 638180
360385 670844
360405 492517
360689 165616
361055 468180
361457 679879
361557 305085
361618 3653
361756 219866
362010 801612
362570 63482
362606 709584
362709 154431
363077 877741
363083 196706
363096 352305
363158 457583
363299 278396
363309 399021
363730 929341
363970 663405
364019 433749
364145 374293
364283 3367
364776 568574
364975 699258
365420 849164
365635 799547
365678 411098
365871 156728
366452 388912
366588 492114
366960 236449
366971 767223
367132 618167
367467 144293
367550 472280
367938 72597
368080 416451
368451 504464
368487 669802
368522 982343
368537 699771
368626 264528
368897 199294
369118 982394
369394 430211
369656 300291
369769 899854
369824 872771
370158 179232
370434 118251
370675 796282
370824 391892
370925 166137
370946 177958
371083 242011
371852 520712
372269 494295
372297 77402
372574 258793
372710 963129
372733 934917
373037 825144
373235 409053
373517 577413
373527 459977
373535 40658
373725 863676
374033 249902
374121 523188
374272 664063
374347 784440
374459 353436
374636 74014
374757 45658
374931 361539
375103 558656
375515 769533
375597 756956
375626 297358
375908 139936
375923 676798
375967 159259
375994 194184
376210 765085
376378 198334
376669 468068
376948 972369
376968 483108
377263 299158
377545 392142
377864 33079
378227 991361
378252 716730
378305 462230
378664 44120
378939 689702
379140 647852
379521 619277
380066 90698
380119 545431
380204 275365
380626 202562
381737 916340
381763 798162
382357 57664
383030 575390
383264 32932
383384 923379
383616 114961
383686 52884
383736 525832
383880 113908
384026 841649
384340 793162
384347 672385
384566 463830
384609 785225
384963 249684
385094 641012
385198 409051
385429 516948
385453 265334
385560 439496
385612 473760
385866 773829
385875 551784
385919 739797
386839 914027
386967 174823
387326 765881
387958 177417
388179 816492
388294 236529
388686 476573
389020 224179
389236 102927
389528 862731
389690 250377
389897 363930
389959 846581
390128 567669
390244 640761
390264 908813
390463 228057
391355 576067
391411 823688
391798 507476
392155 861572
392226 538669
392336 878497
392337 324152
392347 631242
392423 381818
392430 27384
392687 419844
392881 663359
392910 892866
392983 644805
393314 394159
393619 640286
393655 906490
393688 439128
393731 535232
393830 158070
394057 425504
394105 129165
394370 367685
394480 611455
395134 618224
395282 271701
395585 200101
395999 607082
396412 534190
396493 937252
396526 161208
396563 58290
396683 399631
396860 332585
396954 588510
397202 933337
397306 394226
397515 313706
397605 361838
397660 537156
398063 939051
398167 907370
398339 248485
398442 675524
398886 564394
399140 723124
399170 273728
399355 981341
399760 27230
399859 738044
399942 619857
400294 981500
400440 521179
400466 871567
400533 686810
400690 188808
400854 751477
400859 727597
401009 456337
401052 672257
401245 428392
401325 657577
401349 954769
401474 465544
401559 580867
402155 334930
402209 187918
402379 934565
402657 336579
402659 539725
402930 772693
403217 838934
403327 596925
403417 172228
403545 911413
403709 161412
403917 971660
403920 238208
404125 666139
404131 91286
404145 606352
404168 304001
404991 57285
405440 457104
405524 469771
405593 616436
405977 57190
406317 636455
406382 833601
406591 234742
406881 648962
406917 256863
406931 975715
406934 498621
406968 655607
407348 698928
407491 995808
407990 118604
408022 634845
408324 478992
408851 465463
409283 870312
409517 467501
409706 833913
410072 101155
410338 226090
410355 65668
410442 750171
410475 732811
410557 288924
410708 460866
410998 893631
411037 201093
411140 996280
411327 743388
411476 794028
411684 122911
411719 978266
411938 114735
412099 659894
412197 528384
412373 215865
412505 822710
412745 597941
412773 745312
412811 868012
412845 128141
412935 975437
412995 624784
413386 295300
413410 107017
413807 270696
413992 815836
414280 907051
414772 464002
414886 880293
415063 816643
415144 50961
415209 373954
415402 730685
415407 759770
415448 586251
415570 474385
415873 213678
416034 837503
416056 841706
416207 574824
416350 647510
416810 180953
416879 82730
417879 833081
417987 554213
418087 121826
418130 30902
418194 25412
418235 309729
418435 837978
418623 129749
418803 539181
418873 4177
419039 351373
419430 808556
419485 156643
420118 858645
420135 635395
420301 666126
420306 295677
420327 725380
420399 95271
420621 827685
421034 383026
421041 988449
421131 579262
421140 969149
421155 563142
421241 309833
421284 718613
421747 407338
421807 719535
421934 126495
422595 281772
422685 844760
422709 147465
422835 231379
422880 585068
422924 5079
423459 538818
423988 348388
424094 740214
424137 747299
425072 862256
425482 529988
425828 41348
426180 301866
426356 268203
426469 302551
426500 707114
426658 823672
426723 250267
426974 822534
427007 771623
427089 831959
427182 361614
427491 536721
427943 320154
428075 650039
428113 88672
428265 287822
428266 334474
428318 685673
428436 730979
428514 781225
428534 5651
428616 414950
428629 804304
428680 388460
428828 730265
428898 999899
429084 568285
429101 538621
429211 197332
429448 107124
429505 958614
429620 2426
429824 267517
430055 742384
430590 639053
430629 525955
430686 279089
431065 808405
431149 947233
431266 295325
431268 881344
431331 946382
431419 106144
432080 292179
432246 585651
432798 812748
432855 386033
433121 910459
433455 244325
433469 181641
433598 495143
434165 488466
434238 623648
434837 76863
435160 820943
435174 113774
435708 661
435910 424322
436105 926872
436144 808112
436186 726889
436609 969616
436691 458560
436790 454828
436800 640260
436940 185065
436955 499688
437123 566935
438294 606238
438717 816358
438941 123831
439094 634045
439402 167184
439483 798158
439675 763629
439734 609330
439775 245631
439830 742315
439965 361284
440026 550778
440063 648914
440299 916518
440435 937674
440463 597278
441272 214186
441401 416292
441421 856308
441557 849059
441645 403066
442487 207754
442575 890177
442616 711559
442698 560688
442829 649801
442920 877377
442957 275070
443326 721543
443966 416678
444013 593439
444213 185429
444334 829834
444761 726055
444773 334697
445016 558540
445138 416492
445198 976869
445323 520640
445908 275466
446230 79764
446321 667723
446349 165452
446839 482191
446932 986947
447090 341596
447271 622142
447315 387928
447578 830621
447598 424448
447774 566779
447837 613537
447921 87254
448401 742837
448762 834533
448859 229773
448919 472602
449003 516901
449421 233615
449460 429664
449464 940563
449833 65673
450024 548404
450048 420151
450308 861620
450436 625030
450792 862796
450987 982882
450988 655840
451030 287646
451082 200838
451187 929324
451336 204433
451506 322703
451579 277604
451864 748633
452022 522417
452284 948837
452399 66390
452753 45565
453092 93498
453532 907728
453545 845627
453797 456378
453854 250658
453891 291433
454373 39746
454671 479651
454852 163445
454923 144804
454959 685162
455649 781199
456218 439216
456249 667972
456266 103655
456282 203236
456590 38564
456690 72917
456919 668701
457075 83504
457274 675840
457682 55304
457713 473289
457974 386690
458386 752002
458612 828219
458630 349453
459310 228864
459354 19720
459740 618198
460302 182297
460331 46654
460419 652469
460578 730020
460637 165686
461363 429575
461482 635005
461915 791128
462270 786139
462395 10178
462403 720005
462437 470477
462466 892246
462700 37933
462970 5884
463082 956650
463322 518217
463430 882827
463788 334725
463864 715942
463961 59943
464157 830907
464431 62544
464560 287138
464657 515914
464821 909536
464980 975017
465022 661663
465085 655006
465168 466863
465204 328984
465748 229709
466273 44326
466811 906483
466988 173789
467136 345116
467289 421536
468272 747839
468332 829701
468367 496031
468614 637107
468732 109791
468831 866413
468880 40288
468910 798917
469009 169525
469165 708347
469300 132746
469346 636869
469833 275920
469867 11102
470235 747872
470300 78473
470509 292806
470727 935973
470848 53040
470924 912511
470978 570738
471549 435865
471591 231237
471941 850352
472083 144385
472092 597162
472235 124502
472961 178973
473945 439874
474243 387424
474657 967862
475231 859289
475232 4432
475484 322589
475522 901153
475788 180668
475826 93207
475827 864563
475927 895210
476407 859551
476933 602022
477464 416603
478344 957451
478454 194033
478481 752574
478818 583886
478958 247767
479075 184317
479682 191696
479710 761283
479722 46033
480092 934256
480147 330248
480645 880967
480716 549416
480768 68890
480827 305904
481093 963646
481133 607401
481420 792
481425 731718
481532 410906
481827 866486
481846 483659
482193 686048
482560 695502
482616 566746
483141 426643
484147 851547
484323 754461
484689 62608
484751 953691
484910 536189
484947 173561
485814 599770
486119 181897
486305 891298
486467 34446
487099 931642
487410 949790
487550 822703
487715 953807
487777 12083
488182 621086
488408 826523
488412 717177
488427 484965
488674 76650
488900 379466
489036 390153
489457 522383
489904 83105
489989 6763
490354 695641
490682 761565
490771 597726
491039 375368
491143 13507
491183 694775
491231 672995
492097 503280
492662 198989
492714 683422
492768 921158
492932 339510
493019 331272
493152 82919
493668 402296
493830 160984
494217 165925
494322 962181
494461 504771
494464 307459
494619 751928
494747 983628
495471 924378
495755 410520
496037 299337
496084 613076
496088 49015
496215 880032
496269 471315
497086 199093
497311 731465
497626 328331
497782 50103
497970 830012
498069 456989
498514 332043
498817 347836
499009 208111
499052 710750
499099 948564
499122 594658
499402 925682
499484 825078
499994 219148
499997 471417
500222 258428
500326 943396
501070 315273
501183 545298
501780 571169
501908 749660
502006 41263
502198 640307
502305 826941
502664 298627
502745 594634
502760 894011
503186 581842
503209 550131
503502 215031
503666 601942
503744 741827
503765 450239
504282 811879
504639 349671
504776 388216
504781 846728
504819 586862
505108 112897
505178 40714
505357 801631
505503 519911
505696 933421
506114 466951
506476 182926
506510 779897
506716 809255
506810 940875
506813 190809
506858 422331
507266 755115
507347 590700
507646 375549
507808 684354
507920 401535
508045 231811
508082 235834
508839 475308
508992 192727
509244 270931
509284 395974
509553 936003
509817 687894
509818 974793
509838 289929
510143 94285
510184 540421
510257 785480
510301 782059
510659 703127
510671 12411
510783 263881
510867 481898
510915 965947
511333 327224
511756 209081
511822 333243
511880 810907
512487 658430
512960 422356
513053 543069
513189 853089
513393 967233
513865 400562
514282 693899
514492 77949
514521 732330
514671 533528
514726 53784
514829 437911
514948 240624
515166 456660
515174 807557
515577 59987
515616 494866
515814 821890
515977 34994
516041 570372
516274 635013
516626 547022
516942 507822
517092 42405
517169 738514
517420 426515
517543 567666
517885 106179
518000 958442
518225 294395
518259 126436
518511 945897
518514 766317
518528 724938
518569 475485
518831 913545
518880 478222
519156 477840
519357 912379
519590 756217
519692 133621
519865 700634
519901 754918
520121 80422
520262 65858
520284 833120
520329 468463
520416 18425
521130 136430
521472 676038
521588 199335
521693 26782
521868 736093
521950 784646
522250 869631
522974 305887
522983 354045
523112 16036
523645 644861
523688 428741
523720 90416
524187 952137
524240 413455
524346 13291
524436 777152
524551 511540
524624 185670
524697 181169
525192 701510
525274 681209
525628 740895
526023 483091
526252 690003
526346 69427
526387 15656
526681 609931
526692 224402
526752 871033
526787 255649
527142 496572
527373 194247
528003 545502
528163 662951
528262 669125
528494 810411
528621 262582
528696 900144
528836 956283
529022 715332
529593 233113
529798 680074
529838 165674
530286 974099
530388 515623
530502 729319
530675 778838
530871 311465
530968 384997
531096 390376
531295 880585
531335 523313
531390 814122
531485 766380
531490 48669
531572 586641
531712 361382
531794 346682
531907 141970
532197 81721
532237 799409
532516 323285
532568 222988
532615 857639
533073 534026
533075 345733
533149 719480
533418 37159
533519 28753
533660 661828
533708 456053
533947 628618
534053 671493
534116 408373
534206 302681
534409 614461
534711 280006
534979 556109
535364 615719
535460 664252
535474 511536
535806 802567
535826 184355
536081 176709
536181 54758
536417 240320
536668 725444
536679 998830
536857 680764
537187 106838
537327 615989
537400 14007
537402 325695
537578 272948
537866 767488
537898 275880
537907 850645
538051 654533
538148 632113
538331 423783
538505 854911
538808 933686
538834 371873
539020 958966
539184 97877
539423 729117
539424 6708
539714 782538
539839 978283
539863 246862
539963 369964
540010 218301
540178 982660
540580 862338
540877 345496
541233 875523
541521 314590
541627 360429
541779 791957
541802 106135
541842 409792
541901 954747
541965 21069
542819 717334
542862 759981
542867 801522
542949 350128
542952 44470
543631 872128
543956 782003
543981 235882
544028 840024
544058 342450
544222 489444
544499 543035
544700 98912
544709 764268
544840 9355
545030 67727
545094 949351
545259 961460
545378 665133
545926 501944
546013 251310
546440 387588
546494 449682
546742 503233
546772 88800
546880 878165
546889 363409
546894 566957
546943 75037
547393 568375
547519 74888
547615 882140
548277 901856
548348 683019
548718 184651
548720 96741
548959 512067
549097 780057
549120 840568
549206 963495
549548 952072
549759 371420
549779 55878
550091 636340
550156 901869
550173 694830
550177 480891
550258 769559
550331 864833
550374 435893
550518 337408
550649 419792
551117 471377
551663 557284
551691 360187
551980 101216
552000 141922
552596 876766
553472 943513
553703 58462
554023 221781
554065 121395
555731 641512
555735 629378
556203 879016
556283 977904
556523 506794
556549 422160
556800 446245
557064 795140
557189 771669
557465 449557
557526 118097
557710 350162
557743 926162
557765 852452
557959 264362
557965 936936
558151 765788
558301 140622
559260 418218
559344 147066
559497 384359
559903 596043
560490 861399
560597 551255
560934 5802
561144 22536
561355 697476
561420 364710
561421 842321
561518 419067
561808 504857
562209 974278
562371 816662
562746 914029
562758 168933
562888 544038
563191 631492
563610 65591
564052 362999
564350 654257
564555 853627
564621 501041
565013 505031
565026 51680
565438 297344
565469 155634
565804 220001
565815 423484
565845 746762
566001 256590
566765 494036
566870 757279
566983 990242
567002 611928
567227 789976
567236 219451
567581 928656
567610 983823
567664 977320
567711 728063
567796 790570
567887 725842
568225 184896
568654 255965
568845 33515
569152 182524
569703 137595
570339 746121
570796 576990
571031 660701
571089 693325
571260 32941
571364 46545
571624 318742
572097 199928
572433 692617
572438 544540
572461 587786
572600 698951
572716 857199
572777 325309
572865 582416
573247 76885
573295 518368
573498 347939
573975 501314
574211 781891
574229 472165
574429 910378
574592 128916
574684 499136
574782 828744
574961 248446
574980 692782
575133 801292
575479 533872
575527 264067
575730 536198
575754 209328
575885 295200
576055 526923
576082 653317
576771 614287
577156 33635
577266 558162
577349 341108
577696 994738
577859 420932
578361 240157
578615 762907
578919 131685
579058 464523
579209 899960
579366 250261
579442 675378
579576 855198
579878 256237
579962 547963
580070 339319
580091 36117
580499 934994
580808 23862
580848 430456
581292 277984
582073 375943
582387 996043
582675 387597
582791 726281
582819 389158
583031 654568
583197 427063
583427 112432
583771 564595
584047 116519
584186 791737
584237 312147
584282 826829
584286 837513
584308 564857
584653 710726
584698 405615
585077 100695
585240 5053
585511 118040
585541 81461
586140 28178
586469 471829
586730 904055
586815 431545
587646 178178
587937 161603
587979 340332
588028 197482
588097 474645
588617 610241
588699 830722
588966 258084
589016 287603
589557 156696
590039 343714
590619 750982
590926 322307
590941 693875
590983 864824
591147 786501
591596 153859
591783 819644
591831 800051
591860 438088
591909 893995
592124 901522
593292 171263
593747 245785
593904 67971
594092 641240
594168 362424
594180 490226
594358 26336
594755 135518
594800 330473
594874 433011
595029 706132
595131 913741
595163 511165
595319 36926
595429 190927
596049 883695
596277 672633
596589 568540
596683 796471
596840 749536
596852 403493
596999 347027
597157 904753
597408 162854
597445 433453
597530 476497
597535 137784
597662 538722
597857 763197
597862 953509
598128 554325
598270 111271
598346 411495
598483 550073
598905 805436
598912 504519
599194 955294
599363 355918
599391 905145
599418 193160
599610 973017
599702 443340
599719 481078
599744 320029
599881 458334
600023 420442
600146 169717
600150 755519
600215 714846
600250 522326
600475 935582
600476 823952
600861 178778
601043 115983
601248 933334
601853 576966
601882 781185
602055 782916
602086 517372
602211 662289
602709 414953
603133 134921
603353 720777
603498 15716
603720 428241
603722 496358
604146 905860
604176 512512
604198 422375
604276 706147
604570 641409
604603 482688
604653 64995
605228 716619
605334 459416
605372 392726
605391 446824
605513 5226
605729 965933
605847 375714
605879 645220
606629 397344
606740 860052
606811 143643
606822 801503
606918 91191
606949 390959
607161 326632
607565 717503
607686 698414
607762 709798
608021 318764
608478 484459
608763 158831
609158 514452
609172 808546
609427 763683
609629 959704
610412 574536
610650 426116
610718 654821
610962 22275
611235 455434
611462 527461
611530 958857
611725 275303
611807 577094
612147 903788
612433 907767
612702 310127
612726 765038
612792 567298
612816 750206
613147 867323
613422 925213
613722 184569
614522 447785
615050 761737
615085 836187
615134 824968
615525 995224
615617 147521
615980 401221
616180 279646
616243 389658
616734 975936
616815 826884
617117 662505
617298 596289
617430 229697
617666 875673
618017 984033
618038 616047
618285 877685
618307 766747
618323 164516
618396 567598
618497 54629
618696 872277
619030 385870
619095 445216
619241 767049
619477 468994
619684 73424
619719 302572
619786 598607
619810 532240
620049 433171
620432 74214
620455 393779
620834 317297
620945 664480
621048 744353
621150 476525
621402 387872
621819 146728
621840 739356
621907 698605
621910 378193
622338 177068
622394 380592
622404 166021
623041 175735
623124 974133
623281 463042
623347 652412
623712 219177
624067 511264
624112 601875
624512 496847
624914 277749
625168 605427
625171 326806
625524 498150
625721 523826
626017 665696
626197 912108
626552 416542
626843 727801
627365 236767
628178 938811
628619 858220
629566 809988
629743 280868
630033 685047
630550 894416
631227 7335
631389 818382
631656 414568
631913 744209
632259 297047
632393 622218
632591 830490
632632 914678
632732 734834
632887 106691
633258 859240
633462 193060
633475 434784
633832 304607
634143 185958
634436 532600
634606 496908
634949 723887
635091 73377
635109 195863
635925 414809
635938 833334
635965 838540
636208 612220
636329 376692
636447 170172
636569 397094
636794 743956
636850 427537
636855 29414
637056 117977
637137 571472
637179 425427
637287 823880
637429 94706
637806 45387
637813 493636
638082 548468
638300 622214
638406 988451
638852 111356
639020 857779
639290 995635
639440 885071
639478 642457
639633 690962
639975 459121
640103 231056
640137 390157
640210 12484
640289 264284
640333 82243
640436 144213
640547 743765
640560 872035
640814 824932
641181 65960
641537 763632
641612 25115
642023 823013
642244 367485
642312 71421
642584 859902
642632 890800
642894 661426
642913 227293
643018 832315
643162 207949
643199 667357
643437 330377
643593 78288
643729 24293
643785 651335
643852 753784
644015 347462
644036 567038
644357 440120
644494 805979
644708 838311
644782 569722
644965 256049
644999 667057
645008 955719
645112 281311
645479 317662
645733 747190
645928 973270
646381 188548
646475 422618
646546 392113
646919 27982
646947 627041
647014 289424
647104 170310
647276 870178
647573 529688
647708 350739
647767 159894
647852 609297
648510 209988
648544 169353
648616 61154
648643 516596
648678 727364
648973 964674
650008 586341
650217 686467
650555 67091
650574 361272
650923 281154
651541 175693
651800 808470
651940 476261
651969 657501
652219 88585
652869 520036
652963 450900
652987 433480
653190 262890
653378 994334
653429 793505
653523 144782
653972 787483
654006 933922
654320 17867
654321 655659
654626 317928
654966 452100
655164 877753
655289 527129
655707 341095
655750 297755
655776 75613
655954 886645
656317 101609
656476 457456
656537 196487
656572 466987
656690 218414
657244 860334
657502 533980
657632 952668
657918 737992
658587 520139
658627 172350
658831 50939
659090 964199
659234 983770
659359 233976
659572 410302
659616 608649
659857 141114
659864 236619
659913 332878
659989 352978
660276 24019
660704 232816
660706 423663
660918 413079
660940 222796
661250 506955
661631 107434
661870 114240
662063 54151
662243 747014
662546 805002
662687 806696
662712 689321
662919 933144
663000 157131
663515 502304
663575 905514
663787 963153
663837 973899
663885 576834
663890 255044
664231 332146
665025 70959
665292 385208
665585 491951
665818 986377
666204 385193
666218 772080
666320 758142
666511 93576
666527 68906
667225 897921
667434 116433
667543 387616
667570 890867
667712 389102
667994 571737
668103 805251
668129 279902
668142 880986
668550 554523
668577 81912
668616 950952
669642 951039
669849 99836
670067 715048
670184 856450
670800 550677
671299 252680
671435 275441
671448 180479
671641 87951
671735 748909
671905 255049
671948 974554
672098 542401
672873 353318
673046 193450
673213 135939
673261 962587
673384 108976
673566 723864
673694 570899
673859 287643
674036 816613
674090 810573
674239 577354
674348 321617
674691 710181
674932 691055
675235 655583
676027 352495
676298 415983
676688 591027
676727 57088
676968 641597
677034 807779
677391 214122
677694 563376
677886 812762
677893 957817
678277 582925
678376 889066
678501 308610
678564 72207
678627 57444
679141 258036
679242 592468
679301 290156
679515 281380
679582 606785
679893 343495
680472 88669
680519 365134
680929 722256
681383 446082
681523 649515
681601 545886
681641 751735
682026 274946
682259 781409
682353 737373
682494 932531
683035 534626
683193 446754
683674 864422
683802 105481
684054 928934
684121 437362
684462 908089
684976 32357
685039 348613
685146 24978
685203 971831
685294 291434
685325 666096
685511 878468
685890 794061
685935 559023
686118 10708
686122 153104
686261 532946
686798 352914
687615 477680
688131 666266
688148 562757
688431 807228
688654 809847
689243 405118
689502 104949
689642 567697
689648 140260
689710 998009
689756 883355
690542 411144
690563 138716
690604 488095
690756 919893
690950 315774
691069 727073
691097 795509
691378 396863
691384 649294
691446 611887
692133 877099
692337 942985
692514 362195
692773 667215
692791 607810
692874 635973
693208 330222
693365 27286
693527 456070
694010 517415
694131 165821
694369 409353
694618 781645
694946 482386
694965 421765
695000 93066
695205 75430
695310 253812
695380 7472
695724 664783
695755 578245
695795 615658
695819 844515
696120 906701
696123 109145
696405 545270
696503 60556
696572 89924
696616 907802
696703 487286
696774 89143
697093 414507
697217 177171
697233 21726
697521 586796
697549 291832
698069 304771
698532 632343
699292 477952
699609 97942
700202 218714
700486 243788
700633 243369
701478 166360
701836 48332
701859 983977
701930 251523
702127 405663
702175 899897
702358 122109
702507 485255
702634 171831
702780 961820
703002 552296
703160 839301
703414 867660
703944 212036
704020 583636
704201 299836
704343 428933
704730 694003
705216 179714
705299 507153
705601 738839
705710 405776
705956 937757
706053 448917
706550 173653
706683 806178
706891 648052
707208 977782
707510 874423
707774 370399
708551 178647
708605 986290
708838 507301
708849 42637
709263 43311
709332 906113
709689 80954
710177 84161
710372 616210
710376 798688
710678 209712
710729 587955
710743 415773
710953 30014
711404 55092
711468 259843
711849 747841
711850 640829
711897 879770
712221 48376
712479 59171
712730 914989
713004 292338
713038 757566
713320 43119
713395 312062
713450 892153
713613 789261
713957 99084
714133 573380
714172 730377
714502 804013
714580 802169
714905 269676
715167 286156
715671 638145
715845 196251
715865 383353
715986 241811
716376 192318
716696 566778
716890 958500
717264 161972
717348 531612
717543 27631
717732 620850
717912 815004
718000 292897
718048 216897
718143 482289
718243 664487
718288 682177
718344 118020
718615 871104
718627 54709
718675 724083
719103 603782
719567 454732
719794 941960
719857 821676
719975 495367
720147 82222
720313 6344
720375 138503
720585 820730
720618 734408
720774 127844
720806 760868
720912 454005
720915 204119
721188 935883
721246 358568
721543 349253
721558 409722
721584 526330
721646 632977
721803 365959
722269 142000
722831 693882
723200 531145
723218 340951
723558 352687
723597 149016
723733 9323
724415 446635
724814 624382
724842 598854
725383 909180
725481 590355
725485 141780
725492 831289
725613 681449
725625 629185
725747 620119
725814 335974
725823 796376
725992 665397
726062 999098
726380 964173
726475 782423
727161 833026
727414 153316
727550 784714
727673 639982
727682 245884
727850 366019
727883 923530
727903 38596
728579 1364
728594 946185
728607 545745
728668 97504
728817 766785
729019 428320
729176 990343
729355 997333
729746 393544
730266 367137
730311 746870
730386 957793
730485 622751
730547 957046
730738 539469
730971 549840
731477 580456
731618 315953
731723 638042
731989 554196
732066 625595
732102 251647
732645 55544
732878 407486
733212 172363
733278 48284
733452 884045
733608 300094
733686 234850
733727 167243
733750 577274
733940 34295
734102 282617
734268 242355
734334 120029
734566 672918
734624 783123
734885 765899
735030 95844
735033 345478
735206 533480
735297 422555
735400 281416
735835 854471
736077 183830
736095 451766
736191 821759
736192 722263
736304 688650
736788 597604
736996 768482
737130 322291
737442 78294
737578 511078
737688 895456
737907 148791
738084 25667
738090 820033
738162 280549
738175 597466
738214 119949
738272 679466
738400 8279
738597 565221
738828 749351
739235 585988
739463 621878
739567 73830
740189 605279
740362 829786
740864 411813
741091 799661
741147 440397
741233 906016
741692 904429
741862 966636
741922 539213
742116 963296
742214 148263
742337 133686
742556 488832
742671 862140
743114 9407
743316 862509
743580 467406
743648 784495
743731 287972
743996 795227
744225 235238
744341 557845
744498 310705
744770 671423
745292 51874
745359 787328
745419 617388
745472 911241
745675 143967
745775 107010
745807 892738
745894 924829
746171 724429
746284 696870
746521 486313
746688 573796
746990 323513
747333 69683
747353 698534
747509 498959
747632 797198
747685 622717
747780 666926
748305 808719
748507 555811
748538 937690
748545 731944
748813 486218
749171 280684
749584 632204
749882 763605
749994 755132
750289 429995
750651 315937
750744 91776
751079 337868
751278 774347
751546 268964
751698 257027
752134 303057
752190 212976
752467 249751
752834 857390
752873 338157
752982 306699
753150 816249
753302 135721
753569 973225
753739 283090
753839 879749
754242 970868
754290 603403
754392 395764
754471 593957
755308 909257
755480 527744
755703 877427
755872 83134
755982 208059
756236 65449
756316 301201
756378 224639
756610 489972
756826 845689
756866 680414
756926 160010
757011 957180
757124 494116
757179 381852
757212 792097
757269 866025
757451 180231
757502 219712
757764 157233
757894 535462
758008 503238
758028 489219
758056 379461
758188 764444
758529 600141
758978 2313
759118 796810
759289 494289
759334 476707
759397 707773
759404 552176
759566 843588
760129 810495
760458 112757
760699 876939
760712 375324
760837 217335
761208 322109
761231 651456
761540 718570
761629 81332
761653 388843
761940 659263
762081 614126
762430 94313
762702 932672
762717 24015
762853 951313
763089 215589
763361 450652
763593 980280
763737 872037
763857 738251
763897 622861
764001 996754
764207 49742
764307 89248
764318 83220
764582 124299
764996 859891
765019 247040
765159 948057
765362 192755
765569 728649
765572 559314
765942 692092
766098 549862
766142 806550
766238 774749
766712 446533
766766 773959
766984 228069
767241 305776
767331 333791
767337 968550
767454 254684
767765 125829
768104 351296
768442 736040
768472 953226
768658 873604
768683 354961
768878 531757
768979 822518
769128 448833
769251 89648
769288 833464
769608 93834
769828 477912
769879 287640
769996 348243
770231 123229
770240 532370
770276 556468
770459 676759
771034 542708
771087 673441
771137 125516
771174 99961
771190 604756
771197 646034
771211 865937
771487 248106
771509 361941
772085 375733
772194 191297
772298 603951
772364 771707
772871 717980
773177 404020
773307 579712
773405 876739
773873 980530
773992 557537
774500 634218
774770 789676
775100 734347
775186 60475
775511 358197
775674 657019
775905 233247
776511 20351
776691 256418
776720 575251
776787 51957
776931 655208
777260 445385
777443 126593
777539 80835
777677 512952
777698 120063
777707 216080
777842 960396
778187 654720
778346 750811
778649 66609
778657 363050
778841 925385
778845 991777
778884 108580
778966 743796
779217 392063
779543 403648
779551 959475
779580 59231
779726 49223
780242 714023
780483 676381
780500 141117
780546 798452
780775 346694
780781 87582
780896 761868
781607 951134
781711 71222
781718 463017
781767 39379
781811 652284
781834 734434
782631 856602
782661 323606
782974 924856
783134 246520
783287 754690
783370 211158
783372 628698
783960 29339
784078 69589
784097 591050
784540 444114
784729 94461
784987 182336
785091 163614
785444 538798
785539 842169
785765 136018
786035 482236
786402 389820
786476 571905
786508 563509
786668 225145
786671 10893
786678 733620
787234 986245
787393 446074
787696 174273
787730 591208
787901 804084
788053 267300
788076 957007
788272 558559
788428 891202
788617 715863
788668 885337
788789 716774
788904 529912
789122 982044
789167 860413
789377 963182
789402 45155
789641 203090
789729 68827
789975 875436
790006 587311
790056 731421
791020 484180
791179 828476
791380 958208
791595 597273
791849 841835
791940 287272
792137 790544
792561 265834
792682 249922
792784 875162
792866 721737
793031 686677
793127 915615
793372 441406
793724 375998
795004 565864
795067 723575
795092 732627
795199 756503
795228 360390
795335 445027
795420 471859
796173 634127
796822 755231
797045 535119
797088 649394
797367 576403
797663 401725
797840 925655
797948 649147
798013 672631
798685 22970
798988 192528
799229 595025
799302 147611
799774 992428
799937 236650
800120 378743
800510 122435
800839 517455
800953 10458
800989 846270
801129 609406
801319 645507
801742 400995
801888 406226
801914 153617
802112 554002
802141 496676
802316 526430
802842 818025
803624 125564
804192 912565
804232 229810
804429 945354
804815 779910
804962 831200
805026 865951
805343 103061
805695 577228
805751 835386
805813 93328
805991 328670
806431 448888
806686 352202
807337 647892
807365 806337
807675 26989
807803 673571
808030 869358
808066 758168
808717 856679
809300 170517
809687 144107
809691 349396
809730 421572
809821 476166
810094 376893
810180 209018
810482 406492
810559 203340
810573 520797
810593 86134
810811 642195
811023 957627
811247 492017
811556 437629
811645 185869
811678 122928
811966 424648
812071 962343
812104 476359
812222 76330
812324 720462
812399 121100
812794 155808
813277 997274
813339 641198
813491 98287
813572 126354
813693 73003
813870 482954
813920 866440
813957 12285
814022 788576
814092 371275
814173 841061
814468 769421
814656 147769
815084 236283
815469 691805
815920 731821
815955 781924
815994 132139
816366 219693
816802 82162
816848 491927
817070 332930
817079 477330
817235 375105
817372 525821
817763 952584
818524 476734
818546 628005
818678 831774
818792 240090
818858 757573
818967 38850
819722 350453
819791 945763
819926 210440
819986 931603
820000 202873
820290 43826
820475 121190
820628 943897
820703 561764
820744 657942
820932 965360
821629 830999
821743 822652
821921 70408
821952 707687
822045 39829
822125 823164
822350 107355
822436 567704
822721 470316
822785 675875
822814 109167
822966 363035
823156 673285
823292 783346
823481 312348
823817 703059
823843 177075
823876 171384
823882 183178
823937 612037
824213 255103
824498 555760
824554 380520
824587 736226
824854 835249
824865 471194
824950 906128
825028 908152
825478 294720
825822 856433
826099 261047
826245 972703
826636 721906
826730 869835
826746 572358
826768 682970
826821 614041
826933 379323
826941 840168
827082 757022
827258 875844
827267 351657
827324 615226
827693 646708
827940 300711
828117 993558
828208 66698
828547 270910
828648 226182
828800 8982
829080 768315
829284 927066
829331 666955
829610 550485
829746 544096
830014 190344
830062 957553
830315 492731
830454 397335
830757 133493
830833 113236
830835 865251
830980 270688
831059 111858
831872 642256
832657 664349
832706 155791
832737 862992
832770 427755
832870 751654
833027 681564
833062 738844
833286 457273
833484 915687
833593 657393
833778 100128
833889 742999
834225 916430
834616 390431
834959 779058
835130 615049
835347 665589
835516 28854
835523 883857
835678 485591
835717 185807
836002 161390
836560 480287
836715 37410
836751 549138
837015 620027
837059 22912
837652 852130
837693 334593
837919 333836
838020 926769
838064 160072
838705 287723
839063 681594
839320 298504
839523 457112
839581 433436
839934 230394
840324 967674
840444 832347
840470 385474
840543 844307
840655 582787
840877 159331
840885 17744
840939 450546
840955 724073
841085 795297
841108 334186
841148 688175
841427 78680
841648 610092
842126 890037
842270 642273
842412 358874
842505 808934
843147 560097
843174 339363
843181 996725
843332 885633
843501 273649
843530 227509
843717 211621
844229 469103
845250 878994
845346 183637
845634 552405
845915 456492
846114 282844
846473 416713
846525 904182
846540 670180
846899 131102
847240 344268
847352 342109
847355 381139
847487 175856
847677 145160
847833 353030
847952 89600
848108 347379
848115 487540
848257 683250
848313 536457
848337 117674
848371 995083
848795 748023
848989 997609
849131 881428
849143 322285
849579 376929
849604 433421
849612 978463
849808 975657
849890 297742
849899 910933
850013 856057
850128 559081
850228 688465
850513 136495
850834 855803
851242 95011
851262 700717
851595 314665
851853 227928
852590 909535
852767 483825
853162 903907
853262 561784
853680 161148
854434 486708
854558 723019
854566 800150
855227 100817
855313 415794
855398 324083
855679 925172
855745 483710
855872 719942
856671 237095
856691 458387
856731 27619
856759 786444
856874 783489
856987 192791
856998 164398
857238 541859
857490 647404
857903 280374
857943 954877
857944 722424
858086 994578
858118 934255
858506 252327
858837 149335
858900 869297
859127 179643
859172 318492
859197 195215
859214 40466
859219 655991
859331 618822
859397 360226
859502 154
859579 918234
859871 991147
860137 707386
860163 303783
860549 754569
860681 11041
861759 884415
861814 771928
861871 965712
862477 448609
862767 593009
862893 42315
862990 297000
863140 646391
863170 81951
863292 247622
863391 685186
863866 742828
863936 824662
864024 761355
864236 52958
864416 613377
864637 639582
864779 289754
864794 568363
864820 876513
865041 937992
865046 475212
865495 985038
865941 185051
866084 384252
866160 308299
866452 936488
866534 924073
866669 618434
866772 556626
867648 255335
867769 769130
868338 394087
868340 808670
868584 769893
868670 520961
868745 565928
868792 419986
868874 181129
869056 329516
869188 873031
869626 281931
870125 574201
870815 351122
870831 346741
870873 494955
870925 485225
870969 419641
871492 267657
872279 913098
872303 753540
872854 323019
872899 338647
873003 970254
873018 240808
873042 360604
873234 786805
873969 874368
874319 63892
874343 286612
874621 248974
874642 707532
874884 62588
875368 900251
875501 539629
875550 427093
876109 869805
876144 537383
876950 602835
877953 517235
878028 391118
878154 287794
878670 459113
878832 454154
878916 739405
879162 318848
879749 986274
879812 707271
880093 237439
880652 505949
880809 625563
881139 127052
881213 922325
881675 653871
881858 713333
882885 156898
883660 170008
883934 605525
884008 98575
884242 281456
884274 638855
884431 291002
884556 502557
885083 755745
885415 37462
885543 294242
885717 761320
886305 888130
886636 579399
886693 643667
886716 14901
886807 982598
887085 410954
887502 81072
887601 748790
887664 734336
887734 331831
888410 836625
888907 850383
888951 833670
889006 510225
889012 591465
889024 329047
889228 959097
889261 93773
889669 939795
889673 658523
889899 801268
889965 609872
890022 74190
890250 527642
890260 266841
890691 73473
890794 975342
890944 18012
890968 29650
891178 837604
891345 485892
891683 474784
892070 191233
892267 830622
892571 953524
892647 984190
892886 266308
892992 705197
893192 225189
893362 332169
893477 369883
893551 308689
893756 891813
893797 993219
893867 450184
894016 864344
894090 305256
894366 726187
894368 344429
894498 646518
894666 251803
894705 934492
894713 89449
894756 614179
894805 464186
894816 54361
895652 776124
895741 218383
895931 799061
896377 407856
896428 56381
896554 598533
896612 87470
896665 595672
896834 339025
896866 636135
897450 844653
897688 436861
897778 874783
898021 184752
898267 310384
898626 287086
898792 14184
898951 956211
899087 900269
899750 373828
899884 32644
899935 355479
900121 105713
900132 507906
900244 940124
900503 538149
900591 334699
900942 57522
901494 850240
901718 794148
901838 863616
901852 798102
902073 458578
902614 440411
903045 651438
903224 262683
903297 995792
903386 868515
903458 818965
903594 649873
903642 44265
904030 918655
904565 339016
904734 581997
904890 541100
905357 736819
905386 228005
905522 938868
905684 743536
906141 185472
906863 515584
906925 613193
907116 657798
907305 919858
907403 894054
907957 922127
908016 575815
908128 234780
908579 132913
908836 126719
908884 913477
908920 607314
908961 465320
909020 734403
909527 499840
909588 533018
909767 916464
910262 464674
910355 481091
910505 902380
910663 431782
910862 139225
911164 239356
911357 15622
911534 24696
911983 302524
912073 48470
912148 301395
912320 116611
912551 129289
912780 223791
913436 85192
913592 414991
913671 975769
913713 203082
913760 547286
914043 951798
914084 131318
914085 972849
914251 817729
914522 496962
914910 882802
915086 64728
915092 855087
915246 434677
915262 310325
915442 645282
915664 602899
915721 918603
915948 250678
916020 99922
916499 227621
916910 973256
917031 656111
917170 522645
917530 39983
918188 910694
918269 54234
918501 803184
918644 630366
918952 196257
919079 608519
919416 348309
919472 846734
919776 383112
920028 806956
920347 940762
920398 344060
920580 359998
920635 474577
920781 885426
920808 910834
920922 826366
921103 609736
921404 997269
921539 459526
921554 900982
921690 576389
921973 44762
922097 723760
922239 517828
922312 991452
922325 276500
922463 914457
922632 94992
922741 90255
922836 529238
922852 756875
923252 926342
923544 18610
923830 164327
923994 671847
924100 846823
924230 415084
924281 224629
924923 300757
924952 95162
925059 879733
925075 611067
925358 4206
925589 87756
925691 490792
925720 755409
925730 186896
925926 301171
926360 41773
926612 517634
926822 36428
926836 31716
926990 173765
927327 249300
927362 253091
927634 980375
927843 484153
927995 211661
929352 960009
929757 844342
929815 835767
930000 676395
930523 280322
930983 529705
931089 390564
931091 448841
931140 525723
931245 270375
931449 285960
931759 919400
931826 483587
931836 978978
932148 292421
932482 912908
932715 252949
933070 500935
933473 223660
933495 160490
934126 781224
934478 873580
934514 936816
935201 896754
935243 357626
935402 137070
935702 226070
935939 545326
936053 169685
936245 524862
936392 83126
936683 737447
936786 282987
936836 874022
936884 207362
936902 978827
937006 941136
937079 563412
937126 205916
937220 216532
937389 303949
937423 206554
937677 936270
937933 740275
938067 86350
938260 219971
938557 550603
938766 741018
939391 168898
939642 935789
939915 152843
940046 860845
940063 660788
940118 194640
940362 927518
940538 679034
940567 616909
940633 195727
940670 514194
940896 764287
940907 763613
940959 1943
941692 356349
943169 766041
943186 5525
943421 461499
943576 934321
943798 864820
943963 192430
944027 631037
944230 357580
944536 234551
945135 145094
945272 303533
945398 238184
945548 883447
945590 621921
945913 999716
946297 884825
946817 727749
946874 695781
947076 128360
947112 131595
947287 257319
947783 558454
947822 474023
947840 246775
948576 9395
948811 63755
948861 961302
949615 607934
950065 500728
950138 413063
950141 528207
950212 740994
950235 178197
950352 93262
950525 241170
950693 885854
950758 138729
950832 287003
951111 425855
951540 363889
952097 195332
952589 413073
952727 792382
952976 268159
952996 857174
953438 682935
953653 556375
953672 445918
953684 354332
954089 434816
954279 82955
954894 404689
954904 354373
955116 348468
955295 853455
955638 56695
955707 573789
955783 259971
955808 60546
956179 768725
956201 61529
956283 684744
956733 650892
957399 618427
957414 912075
957892 684212
958354 269722
958429 342977
958695 695527
960133 148060
960179 110043
960430 709290
960983 306259
961243 65287
961501 215705
962157 733538
962469 285591
962475 959463
962507 996356
962784 923515
962805 948364
962892 223050
963224 615334
963666 144814
963732 176886
964027 29157
964052 449242
964076 582117
964346 714729
964412 20236
965044 578332
965255 501095
965387 589936
965441 701900
965570 723047
965682 464559
965895 494335
965896 280229
965911 36520
965986 952834
966015 98743
966085 337254
966406 457925
966507 256522
967110 357110
967391 933481
967564 808072
967668 251300
967735 990100
967867 267241
968284 761949
968316 376167
969665 281007
969863 531217
969960 378060
970051 479536
970700 362685
970706 141657
970804 843255
970825 832176
970840 743264
970981 137309
971095 270192
971175 83296
971674 968390
971727 111480
971969 864693
972174 461086
972296 906652
972336 632496
972517 530537
972727 373536
973035 317854
973073 751071
973181 508027
973202 787915
973405 478565
973507 330784
973785 483809
974133 280486
974251 167522
974367 46951
974570 251425
974637 896385
974640 663704
974856 957362
974886 112042
974916 67267
975100 396047
975265 12978
975320 393074
975373 907863
975503 207796
975704 997784
975710 137630
975957 908236
976441 398081
976544 535856
976640 558902
976941 733956
976997 242824
977440 436170
977693 687230
978051 404090
978068 945337
978856 218997
979241 749960
979618 65770
979838 414080
979877 298869
980027 958163
980239 980796
980437 275534
980439 474410
980490 698821
980574 244503
980614 966112
980732 489911
981241 845369
981412 180107
981475 776380
982719 610729
983060 424392
983098 112699
983274 85323
983737 288301
983868 402233
984116 629686
984429 632399
984550 232041
984562 195403
984811 254548
984884 269546
985008 804652
985206 741644
985247 552471
985266 736887
985380 961058
985655 759931
986038 786258
986198 136364
986258 525948
986725 259970
986735 444188
986798 719953
986872 991937
987128 900911
987337 110608
987713 592393
987798 541185
988610 847832
988712 939597
988918 718535
988997 559382
989810 218362
989899 639793
990248 763123
990384 818247
990522 696262
990701 932352
990769 7843
990772 145739
990855 174989
990910 50670
991691 17243
991707 201426
992194 327418
992296 781094
992370 702570
992729 515216
992890 465849
992897 327014
993037 226494
993414 552019
993934 789425
993968 257006
994222 643352
994451 317627
994507 742649
994564 241042
994627 494250
995348 582353
995463 942146
995485 319837
995827 492879
996293 491809
996373 594794
996385 277905
996476 737716
996515 80923
996680 21629
996956 41650
997047 490754
997096 578540
997212 398340
997435 825302
997442 292513
997614 762060
997640 499270
997687 135171
997781 568233
997812 393542
997821 487984
997828 666661
997850 723154
998204 257273
998244 974904
998327 260719
998345 398481
998401 704124
998645 536939
998775 488780
998914 545444
999162 544613
999364 41956
999631 277349
999836 466027
999908 471540
