100
100 100 9 39 33 97
100 100 17 53 78 74
100 100 17 61 53 78
100 100 7 64 71 79
100 100 38 60 48 79
100 100 10 10 49 77
100 100 5 37 99 57
100 100 48 34 51 87
100 100 47 29 59 58
100 100 30 26 75 46
100 100 39 3 88 66
100 100 31 14 74 84
100 100 54 41 60 95
100 100 39 12 39 30
100 100 44 6 65 83
100 100 29 20 79 25
100 100 23 35 42 74
100 100 36 4 88 28
100 100 29 18 48 42
100 100 28 38 78 43
100 100 22 38 100 87
100 100 45 90 86 98
100 100 14 41 35 70
100 100 24 5 45 17
100 100 2 9 95 93
100 100 15 52 41 88
100 100 11 37 75 67
100 100 13 60 72 62
100 100 18 3 81 19
100 100 32 42 90 82
100 100 58 78 76 79
100 100 32 78 70 86
100 100 25 19 63 47
100 100 39 58 99 69
100 100 44 69 88 83
100 100 25 34 63 96
100 100 28 19 62 53
100 100 13 16 52 89
100 100 72 6 80 52
100 100 3 77 23 82
100 100 4 37 92 52
100 100 92 60 97 83
100 100 1 65 54 78
100 100 5 13 80 52
100 100 42 63 89 80
100 100 51 39 74 89
100 100 25 7 84 25
100 100 17 35 88 46
100 100 15 76 84 79
100 100 46 13 64 87
100 100 25 16 94 48
100 100 57 31 95 40
100 100 3 35 95 55
100 100 58 97 91 97
100 100 11 32 58 83
100 100 66 44 92 72
100 100 24 33 64 78
100 100 29 30 56 41
100 100 17 36 94 41
100 100 52 82 58 87
100 100 19 50 30 59
100 100 60 89 76 100
100 100 44 41 69 60
100 100 6 47 92 56
100 100 18 5 39 6
100 100 27 11 81 47
100 100 39 56 53 78
100 100 60 73 95 99
100 100 87 1 91 99
100 100 17 9 64 91
100 100 60 27 78 46
100 100 35 59 63 83
100 100 39 6 98 57
100 100 9 32 54 98
100 100 59 29 64 63
100 100 17 6 95 100
100 100 51 22 100 67
100 100 10 17 11 53
100 100 31 41 57 74
100 100 10 13 91 67
100 100 5 29 13 46
100 100 23 36 82 79
100 100 50 31 55 65
100 100 3 58 47 82
100 100 10 68 33 87
100 100 91 18 100 69
100 100 19 4 95 49
100 100 83 1 86 27
100 100 35 7 63 69
100 100 42 88 65 96
100 100 91 16 100 70
100 100 40 15 71 37
100 100 52 10 88 12
100 100 2 22 42 40
100 100 4 17 57 73
100 100 61 13 93 49
100 100 46 22 93 37
100 100 51 19 92 70
100 100 14 24 45 38
100 100 19 59 47 64
