500
7360697 743123303 55929410
993696834 82349513 68779517
424101905 175454714 165292639
22506227 305018511 402632182
318094371 125279208 826636568
2047705 641979933 591853175
925021093 195372612 917955393
553753297 885003422 573736204
375767370 565743535 541470670
254816476 618103208 82199511
488158128 879087528 929553508
62260225 583048680 331266693
321679421 42651020 162095392
120950720 737677681 725673630
837051291 155659534 534689086
447872548 256693273 742154260
801609238 481528629 126247479
713476667 646619193 461506125
615471683 951315423 535524218
244529121 310198061 555983152
500449339 151557046 303649974
23950940 756968363 467113885
375813535 548660112 35705360
952031201 35208251 625528335
322257474 20569556 760622297
956261929 919588327 81187624
868263917 760254848 75513880
146412624 326652456 872588032
214190233 505615431 78719410
980159090 186752687 278785336
528786170 21811098 152382221
287464317 367531841 944666109
656674886 816330263 937176399
124149020 365941097 771814043
77376015 24039442 889916408
394429673 44962663 359173647
847915184 208999190 513606679
96154785 165752145 302972628
170193531 787419485 365034775
571645718 955212589 463200123
376230080 107080986 911797288
133697618 787954158 761349298
83044432 449338424 123867441
928410138 172993458 955657409
496838922 748304290 878926970
378538849 255855923 701198339
443190609 231260861 648851529
325671631 774752855 870843996
966948239 135774149 328472323
246837996 815259609 915542375
593327642 84067845 469971539
159764079 593278775 262760176
776861572 804828616 902523500
828427511 37655648 956740421
726173852 447326435 668106670
824279368 39292951 912109600
880736686 729664603 341341445
789806750 478586915 76984162
526111943 173234496 357310712
956842766 298802620 951829426
584438051 853083551 174397479
576213170 410967061 608947247
462280499 99978688 448053965
365306567 844686568 780224900
497707490 313941137 834330652
674520095 886025924 786079564
319818998 46314139 12637153
584711190 355784852 81517510
763185556 87283002 820024063
387342167 36849906 654041578
300974225 149794084 531297276
69275278 166422444 831269686
413966992 843685105 774000366
315684677 73236374 375591281
108204428 466134159 296449251
260483711 378041385 130407994
333818412 51726292 218852959
415156374 358791909 81516981
108799722 526800760 12763580
355064710 508487729 315813084
83889176 176091794 135277964
224520547 388048844 29068363
73172266 91106703 74500204
141945621 973187171 914289217
6337606 727902042 782749776
983625482 464344562 283463530
52802858 339849967 344856121
85929235 542098564 424917768
2762273 766822427 935148136
749376200 567165517 818402027
43070526 977303215 580185443
246461246 925673300 65092357
938050970 145183357 348219879
431530050 466236203 656997690
946729797 774319328 27006648
574645191 620726350 865169096
285205829 270851093 676455252
197954918 369099395 166237354
74967125 547035927 448294054
898493674 671134986 181578852
14464949 239707504 877659728
909344094 498033931 712489152
229323764 304316955 496482372
50735734 164456673 211832616
890357227 360823665 662480299
751142439 187573332 38980322
159742713 441201835 18190948
792568356 2763792 792352260
518321967 243610331 47963707
258112627 181938243 966803614
29068 74486226 492974531
223994163 924026122 652764191
306767386 878686896 638582425
679016110 288622384 503811087
24902282 920809250 66866240
125405002 394101 974166338
398301232 542261719 19580206
105464601 307996935 68880469
973318522 181443249 882868975
414328896 129249623 192429838
850876656 590335213 389458945
106315753 142449561 852972163
95277941 461020566 44616158
184936475 611459888 890048493
466898621 259860203 636160664
424163207 412778850 994913912
3405214 835313579 14705008
979411823 512338100 604489071
695644112 789599310 494131551
342676480 605419878 514353254
113443997 480740815 977380885
738101486 406113324 636568074
829052136 5331210 200295068
252316221 191485294 362816246
939534461 101391408 923823957
195439261 38125136 257490649
465772232 655993103 95021617
447950392 417533734 660375783
533258957 826993140 552502368
980971120 949639015 484443795
936339982 305895452 108994040
59262583 741287114 52850523
786450553 112580180 201975447
577158663 914977314 40787072
46976061 838615481 675197100
734052146 68332648 149004141
139627157 306963300 876446200
840931821 951217834 249850964
707583835 390039531 274290067
138727732 577217923 910960134
889014447 267556675 141746748
216685816 853711041 776182252
124915611 365134152 94391310
591798878 12451414 964984533
698527181 699759 461887981
945379603 556445240 31332836
63421487 211499800 591686009
617450847 648364997 531441473
345310610 927569848 875603535
356141626 635367187 327602219
655385597 622086510 457563168
918186441 142009739 903334750
785225801 795988364 146274710
717741996 467043345 337731402
245356165 325424687 564827272
174223958 954813017 190044460
769039325 687330823 447566720
411609371 873854604 233650789
368687201 828427384 35521159
589605797 808044693 913533395
395160556 89506293 93696745
448641736 299534107 361029553
975356268 863080497 334839366
238052416 977883123 589280964
998048825 4796830 956388643
901786878 539944861 380348377
603821961 220944577 416263170
780843105 150460690 997526083
809006624 255343605 680604301
64061110 785751817 253826110
945869600 201890231 144933351
648357753 616712987 339075281
209610401 48811721 832803465
776891950 315391662 590984210
352711867 766444721 822472913
742974824 707926504 854310120
107484770 255744035 968180370
516847043 869861358 838641971
913393108 977819172 307435085
215802107 33599407 502974638
792068046 829483141 806781304
154590942 547711096 265462624
99748521 874604490 99566556
111286029 511973216 559829555
929456572 580540520 126294513
710998527 946193153 344878208
102640375 440375856 961326002
132117358 145811749 965164566
222353096 466921886 650875058
122868829 763080939 328985083
629365797 39466829 894014921
558660960 616233230 865733970
982087137 172162489 667441886
34167846 880837167 625470192
138026651 324546369 835322175
159177980 332647470 906078343
652153118 128386779 161469768
196022740 314259876 103431153
846079820 219786078 272723300
930383596 128647359 453091956
139475424 258775485 378152992
6186843 341511948 714988446
285285082 602856264 170344274
173473439 78258419 29239363
445180550 316460896 588752294
348121654 135167544 516175254
671026939 158611501 756274574
898525466 205463130 858083306
453417531 109425733 310749402
84953104 877660514 568049327
640211168 928990878 136534628
663414503 272439891 462095827
143680031 851623561 51644244
194377292 369481329 142951151
693260705 179362085 618989048
731105440 580663718 49399652
124225194 84671024 870182757
797944023 9802240 537473702
797252004 56919367 452034957
701846054 591918379 227926143
436820925 550164223 338473751
44135348 900918815 982795549
193541091 554858073 918599409
433290552 990222259 814709604
261542928 645927259 569589622
758145469 923381604 203263331
747788581 801340395 51030200
257052950 699299727 745473430
752324606 83406347 89592888
194593841 714053078 951445704
784694760 667738287 75317228
427239616 578377385 70685145
32715574 680778936 851667908
4005695 544684580 583910671
933847548 10725085 15344088
775989726 184098423 411221806
802500590 430096164 989234318
242770746 28981916 767741184
137290084 475461613 296662398
695361693 130929049 146750140
118359418 489842976 131556806
314548873 311131369 62221532
80219076 208220366 101792171
862491688 383166160 717660608
99155229 54606925 803054400
562599 865649999 925291609
92462661 389249840 679833890
665315 444514164 1413276
716549965 759931151 77589342
314459037 948741364 430008967
878219408 578467619 646785758
113480433 886099245 663880542
662706423 49619791 174629004
526991620 718558884 164094432
566099070 74496474 872234089
914942595 457264839 199138232
136726392 945929826 421130035
973864574 414499556 57070018
398069158 729739873 251899266
773657197 635989166 43785037
101187710 2260387 921559013
990252521 175839391 395129459
921364083 9031305 903744548
82766199 629570178 327014649
517514842 356140916 416412795
793601764 43899225 227366848
774168095 632717264 887502945
633546325 789145643 311801223
583039475 176558258 739708893
297493940 431681136 858054958
769951273 627550261 945029404
320123010 860876529 154476258
767700755 664821303 294207374
235962618 214386489 863627798
943392685 729074188 8171128
40661729 87819907 106368163
23304431 628509835 685699024
146229760 755245924 435369023
770367426 386404213 305042557
806773304 227156364 738552223
184694073 832376768 840824990
96171442 884179853 971418972
113456035 37568550 640367982
269596482 65044645 722112542
908365969 238556232 855584047
250560811 107585551 595065233
222988724 205482025 175651571
178900944 311043202 727882410
452794752 232313668 370531024
959810909 437753071 36872869
247002141 72055908 655830620
659137130 42570809 375515606
983818350 203888322 514594083
659068284 32959734 696430184
116209532 863930973 743887616
662331050 390198143 438093235
459041923 1817962 489699470
221640180 15339487 112703563
128189881 561215220 596008110
244558356 801550706 497781305
761571264 518659700 270416499
607663413 359718931 629590206
870646667 4944805 502942243
247605281 471611653 14894088
216817158 559187319 872814355
77538669 255776504 366403206
303050487 331286097 647802449
666631825 658879570 363232252
341412715 47179415 522945356
639497962 679555871 977472345
127786059 216629807 912367778
131988460 772401641 215717366
609357420 120628591 180149363
965868512 316155283 540260475
389905581 963454642 548431486
281134050 348916722 258468469
867607443 257293143 86751115
32060333 405561684 955089182
891087390 747771324 718323418
856089733 952669403 24051030
84675924 952537057 947195455
10698746 218159446 851206687
842198936 565761747 493054685
778163863 217596983 780804212
851291108 906557614 910304805
819339601 975512637 550712055
955951587 353142696 417453136
305765197 67281902 230511786
944049886 37233160 652940615
124441907 639020543 452530748
444670803 132056233 911462452
741538485 982675626 325478877
682620024 937084288 78028159
892700346 293940474 838120190
733754429 5065254 379844939
377969014 268573666 54445309
820215091 450466116 897117709
167611348 338342744 137267993
104178176 723414921 529634774
44891575 518902700 59550205
925877705 560064967 591058762
812728753 181634876 163081739
518615573 528774010 817437978
227189581 942325273 116433527
126626222 636559327 682041307
948005904 747013207 654531459
91953251 856004067 867386010
37657428 193678303 713496510
980120494 685553362 638550751
939649770 891906124 830353202
397511002 938746569 98697515
390215824 89762871 549509406
424887736 498014449 30550109
207073524 361192922 426131757
138460348 378262329 696330155
228000707 897039495 207573719
971014277 901681758 566171599
146007730 525576430 555780671
244834819 360118475 902275273
158465038 235133158 306037798
146898193 104697473 861305012
913539098 136505808 740563254
978858807 600711354 835085325
473407324 922944105 647173648
42813075 152312974 123629988
232504861 81923059 343818080
819443324 364280029 771531578
624954054 260251295 766792967
232992494 835119949 700827823
12884207 234959052 527321903
34195746 349752467 419932802
972300944 51857557 277540167
76067257 502580206 605300363
446126874 981921413 534322868
735297563 170714628 162583598
943315796 584284412 418356525
456638591 765711400 234965101
983492515 170030418 193462941
241391023 462297572 239440952
47192627 183472949 990803592
640733678 120881860 727831308
386902016 874661568 911392855
926326775 310628447 199546066
548741489 48903530 582858750
79575408 689037016 58781413
96713865 972275117 617783168
791233103 36003091 306523755
78947973 319628715 936173630
450479613 330983210 645126512
789315253 14952846 849857795
646207562 985674849 548317379
717842770 220289738 147802332
622681186 507843043 10972295
313708773 223956198 285948367
13269024 260127430 477972490
694782844 139632141 183707966
291261948 124311717 598400860
657318313 892989617 860750877
983105319 104878187 396576494
619361211 543598040 649785714
787111975 284660077 481310395
960377357 368110019 717664098
512316728 38268445 518601365
644485223 748589265 580555923
30667665 35353569 481930805
295684923 299324897 346825799
623547607 37395261 82404828
998458722 451484768 837732697
663610519 64892087 867080374
988779048 180982444 728053928
833509062 750958847 603931304
265693800 690156259 690029338
704351738 902760074 509559435
793601581 40823544 74003809
181948022 776654198 821482514
484229429 628457914 960546424
62135441 71761148 351271663
183256210 288533444 156480154
87442475 766845971 330852144
589783897 506404099 655982026
56334125 353290898 760800503
656402877 539642294 944577171
309377567 443820954 881029619
358022240 823570558 218246585
961246791 155323150 323534139
2641741 95546172 674211689
145097223 693544319 5600358
221876788 844526496 30357021
695284311 184874844 575627671
160419956 86206701 117523754
684245079 125074840 539307239
755758727 464114456 711039282
838183860 656372472 28625459
71735679 923214180 891356879
189127075 382935159 130194095
472258722 945743114 578028745
506059959 314471987 166392014
319832676 69178863 693459186
367748605 85829941 227769375
304009865 423166614 488404406
930336002 328735001 721204917
686298123 270846996 253091904
697992662 252468445 956935484
502608977 88854560 315911958
952685916 154101374 116497730
619728887 280677631 120333530
663510077 524247040 42064480
41535847 746735604 283825132
480775309 202616474 613481217
502786644 779936535 153145651
233530445 139044171 453157255
236955717 873015853 962126839
706882935 701936535 319653968
213117154 4750923 977808272
124238785 727137805 823120399
887853791 442269175 570083730
118178968 959008542 984756431
937830160 728996981 651015304
977994635 315979501 87881117
135124633 942453724 773320768
631099326 464622743 663884303
725917550 434626015 960512430
490798283 155016026 249646943
426086535 525897841 515284407
730946939 64221058 326514206
696503929 1136678 569756095
261089886 828606375 103360671
454467424 427624561 605697059
670945605 939114610 841911661
32498116 527951046 663762490
826090106 407595459 777007255
312860572 207648942 87803591
186650220 349601045 229488317
129497001 55144590 42634045
876796567 287099049 25428575
614754622 430068009 516033233
431563639 30766526 135383905
5070934 913782208 281993353
758836714 10739506 696191344
42487877 129161129 498089758
503289894 2629766 687260925
627296103 761341770 956521336
984474482 848585680 533585805
877876535 258252049 170698728
688330876 282609737 735489436
248040492 343751989 501630465
675388905 810235134 221053283
888779843 974039610 208845961
878749101 684061860 193196754
62553408 215608067 712831352
