before 
1 0 2 0 3 0 4 0 5 0 6 0 7 0 8 0 9 0 10 0 11 0 12 0 13 0 14 0 15 0 16 0 17 0 18 0 19 0 20 0 21 0 22 0 23 0 24 0 25 0 26 0 27 0 28 0 29 0 30 0 31 0 32 
intermiate 
1 0 2 0 3 0 4 0 5 0 6 0 7 0 8 0 9 0 10 0 11 0 12 0 13 0 14 0 15 0 16 0 17 0 18 0 19 0 20 0 21 0 22 0 23 0 24 0 25 0 26 0 27 0 28 0 29 0 30 0 31 32 0 
intermiate 
1 0 2 0 3 0 4 0 5 0 6 0 7 0 8 0 9 0 10 0 11 0 12 0 13 0 14 0 15 0 16 0 17 0 18 0 19 0 20 0 21 0 22 0 23 0 24 0 25 0 26 0 27 0 28 0 29 0 30 32 31 0 0 
intermiate 
1 0 2 0 3 0 4 0 5 0 6 0 7 0 8 0 9 0 10 0 11 0 12 0 13 0 14 0 15 0 16 0 17 0 18 0 19 0 20 0 21 0 22 0 23 0 24 0 25 0 26 0 27 0 28 0 29 31 30 32 0 0 0 
intermiate 
1 0 2 0 3 0 4 0 5 0 6 0 7 0 8 0 9 0 10 0 11 0 12 0 13 0 14 0 15 0 16 0 17 0 18 0 19 0 20 0 21 0 22 0 23 0 24 0 25 0 26 0 27 0 28 32 29 31 30 0 0 0 0 
intermiate 
1 0 2 0 3 0 4 0 5 0 6 0 7 0 8 0 9 0 10 0 11 0 12 0 13 0 14 0 15 0 16 0 17 0 18 0 19 0 20 0 21 0 22 0 23 0 24 0 25 0 26 0 27 30 28 32 29 31 0 0 0 0 0 
intermiate 
1 0 2 0 3 0 4 0 5 0 6 0 7 0 8 0 9 0 10 0 11 0 12 0 13 0 14 0 15 0 16 0 17 0 18 0 19 0 20 0 21 0 22 0 23 0 24 0 25 0 26 31 27 30 28 32 29 0 0 0 0 0 0 
intermiate 
1 0 2 0 3 0 4 0 5 0 6 0 7 0 8 0 9 0 10 0 11 0 12 0 13 0 14 0 15 0 16 0 17 0 18 0 19 0 20 0 21 0 22 0 23 0 24 0 25 29 26 31 27 30 28 32 0 0 0 0 0 0 0 
intermiate 
1 0 2 0 3 0 4 0 5 0 6 0 7 0 8 0 9 0 10 0 11 0 12 0 13 0 14 0 15 0 16 0 17 0 18 0 19 0 20 0 21 0 22 0 23 0 24 32 25 29 26 31 27 30 28 0 0 0 0 0 0 0 0 
intermiate 
1 0 2 0 3 0 4 0 5 0 6 0 7 0 8 0 9 0 10 0 11 0 12 0 13 0 14 0 15 0 16 0 17 0 18 0 19 0 20 0 21 0 22 0 23 28 24 32 25 29 26 31 27 30 0 0 0 0 0 0 0 0 0 
intermiate 
1 0 2 0 3 0 4 0 5 0 6 0 7 0 8 0 9 0 10 0 11 0 12 0 13 0 14 0 15 0 16 0 17 0 18 0 19 0 20 0 21 0 22 30 23 28 24 32 25 29 26 31 27 0 0 0 0 0 0 0 0 0 0 
intermiate 
1 0 2 0 3 0 4 0 5 0 6 0 7 0 8 0 9 0 10 0 11 0 12 0 13 0 14 0 15 0 16 0 17 0 18 0 19 0 20 0 21 27 22 30 23 28 24 32 25 29 26 31 0 0 0 0 0 0 0 0 0 0 0 
intermiate 
1 0 2 0 3 0 4 0 5 0 6 0 7 0 8 0 9 0 10 0 11 0 12 0 13 0 14 0 15 0 16 0 17 0 18 0 19 0 20 31 21 27 22 30 23 28 24 32 25 29 26 0 0 0 0 0 0 0 0 0 0 0 0 
intermiate 
1 0 2 0 3 0 4 0 5 0 6 0 7 0 8 0 9 0 10 0 11 0 12 0 13 0 14 0 15 0 16 0 17 0 18 0 19 26 20 31 21 27 22 30 23 28 24 32 25 29 0 0 0 0 0 0 0 0 0 0 0 0 0 
intermiate 
1 0 2 0 3 0 4 0 5 0 6 0 7 0 8 0 9 0 10 0 11 0 12 0 13 0 14 0 15 0 16 0 17 0 18 29 19 26 20 31 21 27 22 30 23 28 24 32 25 0 0 0 0 0 0 0 0 0 0 0 0 0 0 
intermiate 
1 0 2 0 3 0 4 0 5 0 6 0 7 0 8 0 9 0 10 0 11 0 12 0 13 0 14 0 15 0 16 0 17 25 18 29 19 26 20 31 21 27 22 30 23 28 24 32 0 0 0 0 0 0 0 0 0 0 0 0 0 0 0 
intermiate 
1 0 2 0 3 0 4 0 5 0 6 0 7 0 8 0 9 0 10 0 11 0 12 0 13 0 14 0 15 0 16 32 17 25 18 29 19 26 20 31 21 27 22 30 23 28 24 0 0 0 0 0 0 0 0 0 0 0 0 0 0 0 0 
intermiate 
1 0 2 0 3 0 4 0 5 0 6 0 7 0 8 0 9 0 10 0 11 0 12 0 13 0 14 0 15 24 16 32 17 25 18 29 19 26 20 31 21 27 22 30 23 28 0 0 0 0 0 0 0 0 0 0 0 0 0 0 0 0 0 
intermiate 
1 0 2 0 3 0 4 0 5 0 6 0 7 0 8 0 9 0 10 0 11 0 12 0 13 0 14 28 15 24 16 32 17 25 18 29 19 26 20 31 21 27 22 30 23 0 0 0 0 0 0 0 0 0 0 0 0 0 0 0 0 0 0 
intermiate 
1 0 2 0 3 0 4 0 5 0 6 0 7 0 8 0 9 0 10 0 11 0 12 0 13 23 14 28 15 24 16 32 17 25 18 29 19 26 20 31 21 27 22 30 0 0 0 0 0 0 0 0 0 0 0 0 0 0 0 0 0 0 0 
intermiate 
1 0 2 0 3 0 4 0 5 0 6 0 7 0 8 0 9 0 10 0 11 0 12 30 13 23 14 28 15 24 16 32 17 25 18 29 19 26 20 31 21 27 22 0 0 0 0 0 0 0 0 0 0 0 0 0 0 0 0 0 0 0 0 
intermiate 
1 0 2 0 3 0 4 0 5 0 6 0 7 0 8 0 9 0 10 0 11 22 12 30 13 23 14 28 15 24 16 32 17 25 18 29 19 26 20 31 21 27 0 0 0 0 0 0 0 0 0 0 0 0 0 0 0 0 0 0 0 0 0 
intermiate 
1 0 2 0 3 0 4 0 5 0 6 0 7 0 8 0 9 0 10 27 11 22 12 30 13 23 14 28 15 24 16 32 17 25 18 29 19 26 20 31 21 0 0 0 0 0 0 0 0 0 0 0 0 0 0 0 0 0 0 0 0 0 0 
intermiate 
1 0 2 0 3 0 4 0 5 0 6 0 7 0 8 0 9 21 10 27 11 22 12 30 13 23 14 28 15 24 16 32 17 25 18 29 19 26 20 31 0 0 0 0 0 0 0 0 0 0 0 0 0 0 0 0 0 0 0 0 0 0 0 
intermiate 
1 0 2 0 3 0 4 0 5 0 6 0 7 0 8 31 9 21 10 27 11 22 12 30 13 23 14 28 15 24 16 32 17 25 18 29 19 26 20 0 0 0 0 0 0 0 0 0 0 0 0 0 0 0 0 0 0 0 0 0 0 0 0 
intermiate 
1 0 2 0 3 0 4 0 5 0 6 0 7 20 8 31 9 21 10 27 11 22 12 30 13 23 14 28 15 24 16 32 17 25 18 29 19 26 0 0 0 0 0 0 0 0 0 0 0 0 0 0 0 0 0 0 0 0 0 0 0 0 0 
intermiate 
1 0 2 0 3 0 4 0 5 0 6 26 7 20 8 31 9 21 10 27 11 22 12 30 13 23 14 28 15 24 16 32 17 25 18 29 19 0 0 0 0 0 0 0 0 0 0 0 0 0 0 0 0 0 0 0 0 0 0 0 0 0 0 
intermiate 
1 0 2 0 3 0 4 0 5 19 6 26 7 20 8 31 9 21 10 27 11 22 12 30 13 23 14 28 15 24 16 32 17 25 18 29 0 0 0 0 0 0 0 0 0 0 0 0 0 0 0 0 0 0 0 0 0 0 0 0 0 0 0 
intermiate 
1 0 2 0 3 0 4 29 5 19 6 26 7 20 8 31 9 21 10 27 11 22 12 30 13 23 14 28 15 24 16 32 17 25 18 0 0 0 0 0 0 0 0 0 0 0 0 0 0 0 0 0 0 0 0 0 0 0 0 0 0 0 0 
intermiate 
1 0 2 0 3 18 4 29 5 19 6 26 7 20 8 31 9 21 10 27 11 22 12 30 13 23 14 28 15 24 16 32 17 25 0 0 0 0 0 0 0 0 0 0 0 0 0 0 0 0 0 0 0 0 0 0 0 0 0 0 0 0 0 
intermiate 
1 0 2 25 3 18 4 29 5 19 6 26 7 20 8 31 9 21 10 27 11 22 12 30 13 23 14 28 15 24 16 32 17 0 0 0 0 0 0 0 0 0 0 0 0 0 0 0 0 0 0 0 0 0 0 0 0 0 0 0 0 0 0 
intermiate 
1 17 2 25 3 18 4 29 5 19 6 26 7 20 8 31 9 21 10 27 11 22 12 30 13 23 14 28 15 24 16 32 0 0 0 0 0 0 0 0 0 0 0 0 0 0 0 0 0 0 0 0 0 0 0 0 0 0 0 0 0 0 0 
after
1 17 2 25 3 18 4 29 5 19 6 26 7 20 8 31 9 21 10 27 11 22 12 30 13 23 14 28 15 24 16 32 
