500
181037335 665197889
43023417 857628387
185542252 262357114
652070901 746565660
49057127 929565040
125722884 662374813
486543090 504947626
547573255 946844079
762402033 889231162
232576114 449008754
28548229 486493652
714193294 953550947
453270440 991772365
97537382 219213316
259780838 383730601
95251687 812748166
181856138 507909167
45613876 586864879
128218794 485629520
537467234 688544328
51429329 368108785
522763112 724006701
738262999 973178668
6012705 771379296
916763298 993049102
726314602 872449460
222397708 239715698
2642850 216715770
114185135 406650368
72731994 74368365
659568351 847651215
67439501 731794532
270952186 424814727
228041656 230764269
99585795 848678746
64629878 157283842
193574514 762093365
910698041 986006112
11301526 820887326
404643249 905842735
673071728 780235334
165641872 804119386
657007871 719913125
26742417 117841864
537395799 635703490
345080165 842441352
201964380 391155594
430685395 497586663
155021500 548669883
199926557 501202785
77305733 635788446
610746222 987387335
58277101 210676669
789708821 980177859
227056538 295181848
725703320 853755219
129029699 229607973
786050324 975865965
228199451 839623388
110924618 735341187
294232324 655297268
78003232 473752257
632287164 894241764
76243967 532082951
62697657 389213121
138012294 290269692
255851909 627334301
151459575 840756463
766793848 812938524
280264102 454820883
181761274 760086215
139969278 762023653
532027035 803937978
611451094 949269157
285121890 710691330
7571967 353475968
8832739 723788346
275455924 760438577
808942114 964102613
269571914 908483270
389858567 652130269
380311766 988500884
562051175 800847390
406496844 846959195
56433374 321561243
132882591 435411685
85926504 122180898
496198647 931642022
682702120 804176671
797613274 962366691
686333316 862335747
702727998 736870727
264127724 841078212
138920691 318291120
930050935 980064873
380534738 543709793
234002572 631631719
536772914 615595884
111031392 527256451
773919106 874606207
97431504 587205417
302079038 474068748
105017602 184011930
203598213 592240752
23025663 933699414
238223353 703337635
38600129 798247059
168823763 600939576
388048826 821744415
367007113 591032242
508475779 907948012
556398873 656403874
36314157 252042667
32621301 96332625
7225378 616300517
516407003 849142932
64043666 78527665
110124980 697963100
532596918 644543324
150036887 932114194
266993175 524141425
196757250 260936836
25982755 567246142
288179953 545944716
16369258 864829280
5354286 33174162
730846336 942638469
120139810 520870084
348120262 904750778
366268986 607583211
194698594 327153102
622164385 904032188
3206095 618924646
717281601 783687840
171635521 607646720
433664749 836900297
787138294 912870670
359002912 727003510
480360755 825141984
54526835 504894534
249960348 605538498
140136236 360515947
146277810 273119465
274434433 415338627
417603447 684558527
305249504 782942817
287603344 556674983
597656143 818740154
3137866 283520074
231765758 636963037
92570609 899225889
50225542 56048229
179594317 227144978
11975682 192682652
267548232 559291397
439937490 645340178
36159581 789167538
625712970 679790488
50317629 130450625
165774035 670877858
217996075 947974428
45892515 161832104
47981873 990836598
124955080 673984566
829829678 981556300
399340248 840319618
40306864 618113033
418571146 916290091
275288572 888215738
250047027 876040041
707847382 879011735
803184204 827673358
454529481 470616560
263213791 810834289
705443557 908138202
341999814 925609184
34518432 324617720
752145382 916642284
218672226 672544137
35838170 475158733
340441053 648609179
249921752 689303935
104339173 720281362
143214491 403516189
525385312 824248791
571634853 845649161
418099465 431198465
440858413 542759471
688748335 856392209
768157201 948437663
380993712 539353215
88898750 712549071
620139779 744088534
54453809 891676229
603365270 963074591
135273528 149964695
318529279 458294128
475234731 992327023
571402496 807842660
19953480 143651200
265729749 367060944
501372524 635141812
96341184 834691888
589550000 870264514
24550275 299594895
494103904 589714891
410234914 878013351
41170853 468775231
735273415 912342839
175976154 505817265
517187 546221553
688367671 694001880
588469652 898872075
247229923 605420688
137645458 527966924
65310828 567307981
25154478 900882929
572257466 864500128
417718579 499442990
472098404 753267204
538760335 946856365
46566824 754064057
396440097 403020163
474420479 771171014
7405847 708980775
600595063 821044713
130197418 361537541
735129805 853194638
873148869 893953041
257264526 753268843
67321724 566307008
461519742 545295071
126085632 844332602
39460945 702324276
626638622 795122533
368129904 655498260
258892715 407975377
74343209 236771459
51365289 923675294
7969323 796408741
123605077 252299193
259800767 430198390
492457458 559863053
123482840 699850650
166482284 414901703
689516919 889081615
113803171 603470673
185009860 867905870
676551867 697357936
345611807 674279576
111118931 901841955
58062199 893786049
213997972 776273520
658856887 774977649
353989460 764113802
301422926 894155781
133116402 195348590
514217639 981646339
84522727 560626513
86765216 914550771
314329812 924340436
492988648 668280004
442536612 976951517
111648098 154815958
34587714 495107702
54448030 568977161
279989782 651578691
63926778 468496118
132167096 272748177
348491335 698923748
868845318 941926867
480541327 508369757
565048294 593973418
48011831 407228264
141888445 273954117
12230139 186477833
200471162 954281452
531714403 709939363
779421307 844499248
83643243 337663157
98362450 762755801
79918495 99820236
451322793 469923941
424043576 714289562
161033502 195119211
156399220 660656088
25949367 874668384
752743965 984792600
134602465 541638472
844347967 963332158
384325187 870074574
137167294 920174567
316704032 559213730
25666683 883194975
121603780 243938533
183260288 564093812
438493096 731863620
737054809 787460739
703885684 866746506
626390964 819910513
687681381 788077548
751501496 896944085
249296352 927277037
601740734 976154539
424415367 748984387
68614409 355864676
301888368 796615396
126904887 439157532
19328779 588741150
134572026 515329515
244722463 412213408
24873075 81464806
868400710 911851152
38989866 113127299
504739809 600448470
161689731 394525985
952478656 965649848
137104636 143058151
542770764 653604371
630659864 668519497
99359644 965706747
55672527 781199692
465392776 971231547
518209784 720927052
395800272 505634297
103794870 723641920
49839673 929723553
320032436 772722893
131577889 668890854
764652905 979213881
480494200 920468452
522424016 634041548
467271170 871818883
379026294 858409450
492468798 521095642
60527714 616125822
50944931 529507361
178441936 186430334
693892531 948944337
61043432 607245199
748710037 920730821
206223651 462887280
109762940 683220157
79079962 597505613
300535187 643287513
6311937 650988228
352888191 522928303
252569071 434954895
500673019 763463159
103484260 591165522
126363295 459560426
74039023 419284651
23266744 995104426
77260581 117428140
438445273 726272226
449859616 953214606
572036050 648111866
646652034 718566503
563216216 658959743
14493177 359630431
289654353 668244894
350440973 999926489
461256331 712151219
84142271 199156196
134892165 182847695
72094202 506459300
93793307 583745233
644691015 717054201
37226677 266873184
333506367 751002256
102153271 843553516
474589939 709867690
471801587 852609757
281383962 446771240
130452373 254220412
518169774 626164805
18820910 74969107
435900033 898096486
438047211 685516555
226956924 534047790
407028911 992453254
449315501 886084227
411473016 729619766
158133696 587765986
11907324 315740527
157394431 203377069
404273266 775815554
129989395 179349469
406951936 698734429
188949601 340591866
249096486 283555801
748703730 911973971
2380462 353702382
1884871 234161150
354498274 614239033
725816112 877241196
110506289 291784918
116912497 586740424
285853053 894360916
204305204 724173847
5685080 400002174
7326459 498315795
172322261 729211728
412267665 993362205
606335412 693669429
794904694 869347663
260385843 526152487
503516717 854657504
248572960 519876633
470431953 910028499
662512658 940495083
421201255 816354045
929120086 982375404
367671259 933359366
198245228 395784799
745230202 953372271
752337482 945308210
711048158 987362792
645336625 793266547
25717150 583910197
408926820 925881030
678355112 916647233
42344647 869378166
160084968 898514326
18233150 147352301
331028136 501461110
252714147 791481704
528090668 712251382
862905797 900645182
22637945 678813012
175812042 371319290
4457441 82958463
714509874 901750083
831860066 953570486
136167482 935242622
189918755 596777615
78213922 85705587
74356862 673258852
232678840 370172715
65525887 781938739
237428505 436250603
554696957 565227866
341415905 464556375
100793745 823341573
310157915 881249330
110242792 158158133
7089196 371948117
36499781 64457997
13780685 476700691
792252173 794493521
765576423 983643405
439029916 468395378
21970314 35346955
809242816 930055255
52671113 66073977
25500425 842226290
408760862 674853925
36582653 457287701
583379866 602542501
191896827 837000436
81463138 93918127
203860421 838640554
142349681 889577589
415009271 967267581
33915435 933532784
369958900 934057429
167105917 597732827
237547011 788003584
73475876 898912679
477922502 854634528
471864154 756689679
191605781 285260613
33336186 373986585
424653485 700861098
27164457 62946608
286478829 984304201
134156560 704436342
384237277 392571204
570501839 874445238
97274977 702885990
396682280 665466266
235340749 249822866
277848370 500052441
87214726 961067784
42980822 234035822
272552936 824153156
214559495 476372346
275333198 570966400
490761273 887494025
108242494 483627885
241209992 312930843
490725244 714676849
74933200 415331961
162398971 780752032
528334155 974301848
14729581 37905165
416931837 927206070
7556337 411059052
90782558 862024708
916346727 917546466

