500 500
362303618 913747059
484239494 443132106
248017746 168498195
565716619 882088842
980530831 785148117
844875251 449448171
968402076 948109297
544293939 815380200
794848471 315462688
991756420 475061504
14498182 5292763
701616792 33696045
186724085 798088328
287669534 876168541
469301108 983770372
545022529 968869026
206203359 768732102
611796540 105724522
736043763 974696599
513458655 903299517
986060154 374682957
667383873 206643808
374402435 247617913
683934483 554377037
276295104 832168114
835982734 169286595
931453537 576788307
339893191 278360117
179103253 209278655
915624446 825228098
159250760 555877736
876223080 31433012
13655522 875091672
343211579 215932411
76151894 570586002
117430337 700159522
163679272 30972697
867075905 120706793
494507183 213489369
463629224 145696452
381889762 385587629
613117604 834010700
385049509 951847930
895451585 82369497
50162342 264892370
105440937 264797962
666209328 793418816
264076289 274469452
213206008 350653260
527192030 791899266
494803203 893730215
68591318 763046834
548777732 12561506
106307445 2833811
383221243 495973748
446748629 694356269
412653863 41757856
183090379 648912280
346730494 21773278
871263356 779719046
585770706 776196472
363927957 503746643
89292427 439729914
49435271 575406886
744670561 143424011
50700943 372719720
90535741 215776911
255641972 607329404
188497415 330653158
392926648 405958411
387467158 990106802
21724258 633341372
284979603 763654811
384134005 597357731
98313770 737586425
132413069 111865900
81990175 117348429
885058257 702386277
81528558 948886098
715086464 139711836
730180059 60187586
107960165 10295087
669308958 556314120
975099449 841707664
898904637 135755992
816303008 124613351
580034432 210424891
498555006 880278895
625522660 19873133
586254555 525333449
974004526 973711048
129172174 476718457
738598420 168165280
58360086 250917301
656678846 675881367
142621117 441363367
585592431 134433616
272987468 75304684
570934483 531899563
454511458 374742227
870556185 424692862
370267584 827158929
43967603 229129053
533814700 784469381
967756112 828810584
240550846 19339999
777332496 484235571
377198245 199177771
801275171 954827238
783578682 30163548
738567700 444832818
707575497 249919571
67699912 252045230
79407304 449687050
895295557 961995617
648935234 732518372
705508531 224665430
468609162 884630763
752924138 67834173
922612701 165229298
312455915 849046490
43006762 698617051
363678008 390799672
958073356 299487664
580478858 89958085
97047107 130639276
719003076 187195241
919851210 204511717
254592419 940339887
753301114 108702511
40475936 319718831
510307823 841378690
664805913 35564450
731257284 192260407
505255361 469490667
667699769 73456939
935160395 600924950
130042809 638621864
987379120 274729471
81356625 206691814
388260699 87743438
530180624 629074743
590189998 889309471
138095977 696746679
786085440 418593736
148493380 352239846
630160590 512667704
701709364 796575071
417141477 155675062
795684988 696923447
816562991 553685407
536971576 947971716
172432297 907154454
203993256 130752980
482542557 987483005
666219597 966009899
752001173 942452016
99136287 322222693
436022095 9147101
56966148 238300030
844581133 8195661
305521019 258366356
151411058 145013758
438248517 566894587
559865617 181062343
130471002 245327027
42740549 80868945
600188642 639816135
939160416 464306262
787255883 555854992
493964672 685441580
114352552 718455977
936542005 199324103
113193448 357726450
147212128 293073952
513908693 877153595
992718157 606589734
641765607 137176546
276255391 957690301
510954642 975047388
966718437 922981104
62011225 131563289
423525460 77094993
802908210 838531369
54522100 524901078
942574648 12728664
768248304 277559564
402089442 579193163
103602337 221197398
163453807 329528314
815026363 497382375
144717432 314391220
956441498 790137669
597908413 970712978
339754987 103049136
75009270 900878679
308246603 763078635
83257139 83859554
116725155 147110374
523356699 756000559
588139461 785672464
67640692 256734690
645288007 563116299
335204964 940223867
157858043 770803234
61573712 368216886
366310926 899600980
101774558 566486803
148690870 169465560
644350998 994675212
139074767 967401033
510470194 275380793
497728666 876884397
763274665 82966055
693599482 785258058
545169991 152295566
978554185 923397147
464511338 939000921
78641091 456847041
974180062 628977306
307071408 338929093
47612785 802634320
530229433 301923959
79604699 619821168
684177557 344754461
170324999 849535320
668837984 23567268
396555737 270515118
117686105 910906426
193382319 33877522
89324377 976713564
259872480 842517009
469180523 104581924
505246931 534829079
653268058 185342273
196294161 374060713
946747200 66828355
636172260 619073985
218196180 468611831
929488646 912603622
593846658 69768328
70217434 175891035
56105551 806631780
789041527 709424064
461035504 502717352
969867766 166662432
569797514 750214403
769958262 745031190
909548320 782993472
784473666 246795529
894512124 325233999
861939578 841288431
295306547 175405790
343043777 690651491
423475780 389606880
238171035 824045815
615973202 790427474
173693754 633625783
770107986 320980233
235854767 903740254
803592325 451550292
146032793 385300586
876731775 138618936
334657513 122128076
405185378 280003409
880624486 198441078
157094155 24060922
457968996 296503502
965275652 89392304
763857584 497172522
119706777 867107447
443811765 726606902
135680003 893660954
52005338 820850015
591253777 795395370
124281015 436914221
763701832 819910883
987131429 52249059
976606637 403212616
129025758 724914883
762687728 955734131
993343804 384420628
119663198 573148703
446094526 438265383
850361449 521202558
265596193 404197285
645972112 116429377
56893978 25338840
668121774 78149102
777922506 663115406
687984359 694144843
6700728 949985852
18782766 587809209
677578041 741333624
41582321 380357281
753488295 959686284
845186218 233419599
778060971 635791592
663637850 878766079
969427912 9465773
970435511 118818059
401283059 58699611
307841613 605884068
873560449 377750382
889009742 543001615
215622133 156276842
965361791 596668252
602163521 264847714
709412614 61573932
578935848 73876426
981500972 57922375
129738043 811386996
460083322 679263654
154143904 624294824
710986304 947799420
778642141 666097547
269220618 42882497
319105334 729660557
66335707 946171912
987897527 397661332
317876038 396235508
183393609 657353018
476293358 36410468
65379928 914779788
868468043 43533689
964744552 960150614
59245940 107079950
101423464 669627377
258509890 416303349
308664717 554891114
326452655 16538147
369719675 208386954
606686199 322590637
532111031 861170487
445572807 466690160
51240276 847354863
529119184 969321839
581201931 505227761
5617467 716465979
702900324 338203321
941486085 690098077
712181270 704240159
27468627 103713531
942551309 620470091
853208183 121620662
467012868 32542691
484161299 276392388
112715233 117322955
249895317 305557865
877637078 528682350
69903742 198636885
300538757 66329733
52788316 95459379
8477122 534047330
44809428 492779946
101104521 604119670
136610674 355579275
921368971 736695658
400699051 833211743
48902514 565799644
130006370 819170169
68348044 614802941
449203670 6557416
688824715 140127675
922230122 532180055
873773208 13128670
255719627 764993342
258504405 324116954
415117086 491473877
979344377 526273631
388752802 123089040
523721797 449751704
981935335 768326728
448148085 799714566
850047836 338254739
658184764 423062851
98981540 430400002
800889096 908515654
813866608 332732913
987630581 206067204
273353595 786350232
573985586 479201578
877245196 384772517
591410680 77959022
878215240 301411427
700908894 227977663
302734371 460792232
501990720 287760555
258474841 974718453
880758833 101906038
983292585 104791008
871838072 494531201
617159895 53318833
421924010 78812254
393121357 530948927
657041382 326572978
536818092 722871197
981216900 785512987
534794400 863396683
354026980 247245601
75959062 38668716
10543349 108407589
733194245 327487807
879963566 975260520
253860667 733707327
360922393 174334954
879877370 526564348
186887549 397944129
775877923 452525855
7945889 402570309
425695313 38592365
81817161 711490847
837719033 640997899
473715141 801473936
503299 16495352
797947757 865554962
328021556 467769843
17603281 91557637
3892385 433278794
147127428 455478208
590523948 59556180
233337758 402559284
240398138 747743937
51025493 532464276
355708261 587247957
41571687 763158134
626418254 39735962
560856273 798632206
631671070 129501300
127414689 210460542
97741363 707076564
808792297 593628747
56810514 770043039
376899651 268654285
261942001 910713035
238027076 552010549
511942003 389754539
572392201 261962225
457639225 403514668
910646428 118563227
974815420 362999555
725458336 513589133
948759616 529765715
98150121 134621329
73374790 140439308
864878659 491793848
62129680 122436474
86441848 567667473
664858737 716355996
794878268 816260867
770854633 132458127
869155706 716183848
256091901 579351519
470124335 787361032
382632010 330152952
575898994 425595129
856788593 961007994
229824649 132773368
286486743 324353027
87828703 608724410
12043140 338569740
302934208 878990466
445732927 803321931
994984206 244391053
491694707 188845471
737979409 501865638
332991028 237823514
632732731 147473620
978959858 151608670
171311348 247233787
24884811 65664468
609097696 50431423
492369443 791715188
341466482 743836768
955229167 741843375
19032790 494995283
827051481 740077783
54994035 659756613
864303808 567691326
711251039 102233271
40646675 41845557
864102508 331925873
663116252 347698012
457484197 945442719
824274080 157455763
659155637 708139833
144780135 13735472
864306253 608784441
20984157 79365747
898722198 216987366
479427756 383651548
285658942 89382080
153549307 220837633
766355815 682751646
794766979 93310291
395977105 928360260
482194365 430387355
795352389 549382995
93293443 319834191
301679696 121760105
