17
14
14
13
12
6
16
21
16
12
7
17
3
11
5
1
11
9
2
20
20
8
6
12
8
13
12
7
11
15
17
13
17
4
13
15
10
8
14
19
6
15
13
15
14
8
19
18
1
9
11
20
17
1
15
20
16
20
12
20
11
19
12
14
3
13
2
7
16
16
2
6
12
7
11
20
4
6
17
18
21
19
11
6
1
7
18
17
13
4
7
3
19
5
16
1
10
10
20
10
2
19
16
4
18
16
12
10
2
15
17
6
5
20
14
11
13
4
16
11
20
7
8
14
13
5
6
13
13
11
13
10
14
12
3
6
16
17
9
19
9
7
17
20
12
7
8
4
11
6
3
8
2
20
3
19
5
20
5
3
7
13
5
16
2
2
2
13
1
18
10
19
9
7
1
13
17
4
20
8
3
12
19
18
21
11
4
14
11
9
12
5
3
19
21
13
17
6
13
13
18
11
13
7
12
12
3
15
18
20
13
20
15
6
12
18
11
15
9
15
17
5
10
14
1
9
20
6
12
6
20
19
1
16
6
16
19
11
17
19
1
18
10
4
14
19
20
19
5
11
14
2
4
2
9
18
4
6
3
19
18
10
9
6
19
17
18
18
16
12
2
2
2
19
15
20
13
18
12
16
9
14
19
8
9
18
11
5
5
15
9
7
10
11
10
9
16
13
16
13
19
10
14
12
18
3
20
11
4
20
18
6
8
17
18
8
15
14
6
5
4
7
21
6
5
2
12
3
11
5
20
19
21
13
6
4
20
9
15
7
10
2
9
11
6
13
14
16
6
7
20
18
7
13
20
13
4
2
18
9
1
1
21
8
5
6
15
9
17
18
4
9
20
1
4
9
20
13
7
12
18
8
18
7
15
15
5
7
19
19
17
18
3
8
17
20
17
18
18
1
5
8
20
11
18
8
13
13
10
9
15
10
7
10
20
12
14
13
21
18
16
11
4
7
15
4
9
15
17
17
2
2
5
13
5
7
2
14
9
20
10
15
17
20
5
2
13
14
8
7
10
14
18
10
15
14
19
2
9
9
10
6
4
9
15
16
1
12
10
10
6
13
2
2
9
9
5
17
18
9
12
2
20
16
19
5
6
15
3
7
3
20
20
12
13
14
18
7
12
6
14
14
15
3
12
10
3
14
2
11
2
5
19
14
18
6
20
10
6
9
10
7
14
10
11
17
13
14
18
11
12
4
15
7
14
6
11
16
3
8
13
13
1
11
4
9
2
13
7
6
13
9
20
17
11
2
19
18
9
5
20
16
11
17
8
4
18
6
21
8
10
2
12
4
17
4
7
3
16
7
15
12
8
6
14
7
3
8
21
14
10
5
9
7
5
13
6
16
5
15
3
11
11
4
18
16
5
3
15
20
3
19
3
8
14
7
6
16
18
14
11
2
1
17
13
4
3
2
12
13
4
10
6
2
6
4
9
16
19
10
11
20
19
15
16
8
2
9
14
17
18
10
10
9
1
18
14
6
5
13
5
3
19
5
18
8
18
