shoes
5 1 4
7 2 1
2 3 5
7 4 2
6 5 3
cust
7 1 1
7 1 2
4 2 4
1 3 5
7 5 3
DP[1][0][0] = -1000000000000000000
DP[1][0][1] = 5
DP[1][1][0] = 7
DP[1][1][1] = 0
DP[2][0][0] = 12
DP[2][0][1] = 5
DP[2][1][0] = 7
DP[2][1][1] = 0
DP[3][0][0] = 14
DP[3][0][1] = 12
DP[3][1][0] = -1000000000000000000
DP[3][1][1] = -1000000000000000000
DP[4][0][0] = 14
DP[4][0][1] = -1000000000000000000
DP[4][1][0] = -1000000000000000000
DP[4][1][1] = -1000000000000000000
DP[5][0][0] = 20
DP[5][0][1] = -1000000000000000000
DP[5][1][0] = 14
DP[5][1][1] = -1000000000000000000
20
4
3 3
4 5
2 1
1 4
