1000
50 5
479802 227331
946641 178658
251676 643472
108850 301586
462084 56646
50 5
9293 677838
480085 655913
814836 47598
749702 457075
180101 846955
50 5
327776 517728
555274 294710
762810 627088
507108 173482
465456 818100
50 5
504430 629048
68764 308717
275869 773824
534198 654006
322221 878362
50 5
465631 386381
960923 541283
355055 923911
353200 645644
614601 470343
50 5
224124 532810
180233 597519
728386 940663
870650 713404
99633 77054
50 5
679427 726338
48719 517609
490037 595250
132786 935946
863370 400248
50 5
19574 182216
117456 218162
343008 63152
726185 28139
893945 25980
50 5
765874 792866
846825 591028
773540 80919
379582 668031
143125 517182
50 5
788528 842096
350274 187009
803731 758509
856888 878111
329328 874031
50 5
240738 427942
560028 668967
987397 143151
295495 564603
706472 862547
50 5
562091 243544
318169 655088
689360 713020
736566 484649
283555 727086
50 5
439337 80665
437102 207395
750788 688325
345693 734072
147924 273186
50 5
650477 373248
380249 941026
853529 680081
589593 493558
420728 941032
50 5
459086 444367
974061 249867
85062 631096
801519 420705
270724 853200
50 5
895019 767157
688918 363562
420838 949345
362868 305277
865200 175732
50 5
356694 956355
748733 54154
340681 348483
786592 430373
354265 607825
50 5
324463 784549
93672 521601
259654 608408
448495 138832
679321 734289
50 5
130108 574778
683513 657693
666092 934239
574860 515938
427316 82097
50 5
659720 278183
55800 819790
329951 580916
329119 527500
344169 874389
50 5
920778 525865
772102 994030
187812 342056
187123 295020
925857 821020
50 5
396334 316482
588174 286137
138093 825619
684784 732895
449963 943956
50 5
300656 370557
617054 573856
61954 830678
857731 502964
181642 477
50 5
993367 921483
30221 939061
822455 208179
46392 629365
343371 526253
50 5
838967 88970
611432 668083
769150 237357
838829 202433
815555 184096
50 5
346814 689440
682565 977145
150753 152953
661340 92222
877718 260235
50 5
121734 13478
298110 86451
130066 87511
781071 934435
606437 240768
50 5
976527 824182
878651 848398
693104 751078
636449 429953
605220 60382
50 5
763313 631223
561710 951550
273398 351328
272137 387736
116366 4686
50 5
937324 694170
614898 365382
730026 985989
216123 950424
685175 862266
50 5
186474 7660
606929 902284
968369 985462
764515 759050
330986 143147
50 5
152009 728788
684315 580197
556405 1599
984123 698590
665307 567846
50 5
604399 340571
839150 616154
764040 355658
681893 518603
474300 37517
50 5
974433 891202
844696 965720
940923 646828
251494 383428
244797 33261
50 5
623682 436718
364106 12278
237935 529105
740241 406045
186127 164670
50 5
347516 745230
272448 431624
208818 645227
301413 884573
444979 91242
50 5
496055 368779
654795 241706
619506 260200
403519 101248
387668 724604
50 5
182362 522531
369085 807428
331782 114984
913555 80064
11221 757360
50 5
35381 667199
659451 991830
945538 37381
924805 630292
668578 822595
50 5
345510 510163
655957 605485
308872 999193
434508 51433
867411 209557
50 5
971261 82396
717480 93577
189332 842697
636171 79140
957403 157104
50 5
110713 832101
93147 313844
605224 646211
355354 984065
858303 140738
50 5
665840 704694
832420 381163
972254 951411
308545 810451
435352 946798
50 5
286671 318666
290290 318398
466282 897980
852686 19743
69815 521194
50 5
409691 141969
428174 346832
323606 130533
763575 443763
412757 196828
50 5
719244 746444
711007 751922
320630 11796
670625 77349
699271 91846
50 5
821058 418135
227086 995058
591360 353964
254533 233561
833322 805026
50 5
924883 872693
561316 363776
435032 976363
859898 290858
735074 196974
50 5
589885 801564
352219 220880
402427 345164
436988 515520
675453 50364
50 5
568234 190365
797970 891401
816615 653136
900624 515964
556027 789838
50 5
3976 74700
181900 571267
452668 561615
351190 798724
320135 950908
50 5
243755 830262
130415 327899
578546 296660
549045 919891
819726 460615
50 5
546234 628021
297264 243921
376303 239093
39504 298919
552313 478989
50 5
687975 540855
562375 778984
467878 604837
217890 758919
835831 971665
50 5
790940 217289
232026 983759
77344 536500
177858 671557
56510 651478
50 5
615998 534974
652540 849968
403344 551818
457927 244783
819739 163076
50 5
92216 775929
125064 171320
239071 424559
533244 210075
843419 778091
50 5
244795 439242
583304 322273
583893 638145
363259 572238
953553 406903
50 5
773519 992368
294581 716964
160464 534340
678440 805835
834889 89330
50 5
169238 448837
398984 649167
272700 72846
757149 721533
469301 198895
50 5
47813 64627
905464 522230
5779 371725
551529 759623
241573 460840
50 5
940802 830454
625273 722227
430992 946883
888341 930373
639178 519702
50 5
287378 389353
821630 741819
453535 23882
768237 883999
551716 982892
50 5
302111 449050
777112 264251
455262 721949
855786 174832
440631 856341
50 5
622133 730474
83373 1099
584141 788200
168857 525145
45307 789490
50 5
499989 599760
512559 890221
105842 12150
140351 197516
304559 750151
50 5
434623 855808
431489 343660
583522 679906
379777 719733
15261 639236
50 5
310295 998485
94433 56846
304896 658708
463279 661913
956863 570883
50 5
298307 203703
521751 965917
549805 876300
524726 777834
369186 939211
50 5
566097 351688
289243 916820
56524 227607
984965 526157
873973 717112
50 5
670853 70335
382821 26491
411835 468845
678489 101263
372129 924238
50 5
597455 518219
223206 959274
87418 755379
818326 864841
874552 848280
50 5
524311 443017
620030 140308
875177 791750
134588 250525
837868 424527
50 5
636778 917652
766485 411841
308809 911810
826483 616585
398112 873153
50 5
450278 278164
494617 969601
800411 400758
312362 260903
762111 983525
50 5
999026 554822
363651 201709
492563 369964
693701 737734
848258 938731
50 5
736662 448019
396653 882603
649102 36659
302663 318532
132221 95412
50 5
749501 937083
76835 974471
698124 304453
232058 506250
617380 20378
50 5
711324 935385
482266 550582
796448 185642
564666 893066
277474 531786
50 5
118770 855252
160891 535730
543345 912732
839921 439062
247379 497480
50 5
616834 959247
355524 972079
51313 171250
666684 49668
990248 21352
50 5
981454 622757
837478 736402
372314 903209
57845 587719
771670 977827
50 5
778312 349220
360188 360874
904362 207905
446416 874599
328491 322602
50 5
323456 931963
976602 304281
576608 123662
4250 487215
434987 813690
50 5
958227 421944
572748 127332
384612 499055
832030 339622
654130 160744
50 5
669704 565812
274428 302356
605321 134081
98125 594331
561471 714656
50 5
178929 909602
780030 296116
399271 896091
183676 731664
880409 192040
50 5
463831 661449
405584 734109
255647 308851
630913 171876
943675 994531
50 5
242211 3365
488962 212688
409265 685231
643415 346025
177853 220667
50 5
911556 784969
169069 846286
45067 496233
706128 100644
195113 974922
50 5
787345 944259
182670 711849
107157 797818
725368 729649
448580 253337
50 5
497620 878046
300276 140068
323843 801326
405542 47920
551634 90759
50 5
857872 490740
320427 24237
430323 101645
330439 573079
811759 262737
50 5
782500 290398
656080 754823
504570 158851
138924 577357
964686 72696
50 5
620358 963846
183904 692860
509925 861256
750387 868265
184472 205052
50 5
917736 507519
667358 939792
948506 452597
731248 688381
456942 376152
50 5
504938 266215
897809 360200
886662 242606
644024 80968
317492 773574
50 5
455829 524304
546066 287738
422916 187757
236476 571792
431837 323320
50 5
763326 131067
692691 507782
917272 313081
254492 618838
166519 565121
50 5
256057 274939
594047 399829
980959 446878
774452 716820
810425 403104
50 5
683500 332278
569995 541447
916406 464604
352379 986488
616025 465790
50 5
237411 628168
326674 747351
765101 541031
504627 986026
801674 409779
50 5
874920 933545
722571 256028
842372 128397
891418 985896
690181 482255
50 5
714656 545284
6897 421975
90517 891590
875576 721782
577132 812915
50 5
425339 193418
168772 550978
941309 958184
798454 362178
185744 402538
50 5
139625 568624
681015 699601
788008 760448
746812 270051
604045 462686
50 5
706500 790819
424045 330616
876310 633858
319363 34935
350348 165561
50 5
776804 241065
605546 627037
584654 14971
598397 970526
700032 295274
50 5
185498 236903
142477 660430
197267 208813
835602 197903
359936 758385
50 5
573721 63994
312902 275528
460633 259313
917401 292776
70611 323828
50 5
585383 435707
779711 865284
939989 760182
917092 487867
706117 236446
50 5
683323 252232
371569 69975
491667 729335
57762 901778
113182 886241
50 5
25074 11741
994179 931427
666045 867829
996281 270879
601371 962434
50 5
399208 992744
223435 123791
926538 895267
183232 197563
547292 898262
50 5
779544 310326
770689 17328
546614 149200
363878 986732
69402 752531
50 5
688541 46351
781089 518991
637805 913275
195980 188126
9802 778350
50 5
341802 726489
239249 856747
681129 800989
858698 735805
306068 842199
50 5
506781 614367
904183 957602
196621 371019
469284 503393
664631 812041
50 5
179134 632372
119175 907278
248230 598297
478057 395171
426809 922254
50 5
581113 839374
534699 623403
322626 996362
383453 825015
532409 123288
50 5
880692 381343
86711 350804
251514 865402
221702 349729
394226 720694
50 5
173731 577659
53339 779296
20256 585829
801752 932002
852096 923772
50 5
550784 863340
60099 230378
871252 651377
628478 540269
98909 59815
50 5
96154 86723
771062 51485
550843 337799
978307 510430
464282 138000
50 5
115964 420223
952477 596034
621586 41760
341193 543291
343914 406462
50 5
63145 210568
853736 262359
695744 291208
150064 847517
835766 854863
50 5
517261 971571
214777 961077
77296 514562
481902 205370
199136 855503
50 5
567856 648234
575759 929330
698747 56067
418108 704252
86295 657849
50 5
672920 264655
806195 366901
696029 699692
206826 189406
140304 582786
50 5
335571 864305
865053 686429
494007 56091
918386 715993
931688 211591
50 5
945338 464027
181461 26185
490091 54396
834985 904919
732965 716150
50 5
992078 303436
190657 575290
916023 752166
474303 523161
689081 678841
50 5
553062 431539
174673 107078
292795 196664
824629 602564
70592 846753
50 5
720631 3864
242957 305856
570929 173211
996261 285584
91261 254983
50 5
341336 937178
441841 729139
404001 57782
411940 953851
147298 994124
50 5
350944 293152
315679 918578
237052 231972
296202 302442
392824 470516
50 5
779266 824317
460739 791792
328147 257570
810854 801538
930070 377277
50 5
459259 121173
273139 818474
263704 992295
603228 543406
488850 893780
50 5
739813 447056
816469 8512
744851 687893
380131 389005
336578 674140
50 5
299611 857436
726364 467120
172278 954294
658096 300599
370754 998202
50 5
222061 477334
211920 197860
725308 99315
443185 12401
517827 6182
50 5
140751 158741
188372 721686
811237 62650
871305 264813
459577 853129
50 5
643368 718263
742070 209451
629314 387180
203556 904341
87064 119614
50 5
749316 140077
909559 936519
582531 326944
271355 860080
95527 376106
50 5
9244 701372
493227 302525
696391 264278
573539 808499
406443 312607
50 5
807699 615317
740956 714687
67071 235977
543210 729559
995158 287893
50 5
996211 124378
145663 195624
813039 437614
11855 115542
116215 917385
50 5
353557 668196
264107 198615
337658 605002
896206 349087
4494 258200
50 5
256532 145344
586075 94516
840281 88366
756783 902342
580422 257350
50 5
383529 260412
952217 345900
93258 537209
778037 367883
111660 214396
50 5
273686 727302
448412 356844
334589 45918
639624 397135
207523 277683
50 5
309345 503043
691537 821814
220867 415095
569383 142196
378382 44703
50 5
617087 684427
372437 300163
525748 588857
599956 747523
461001 823229
50 5
578510 273665
412911 800439
967994 465564
587934 351668
361939 883053
50 5
330314 697190
846441 695651
531859 72041
870173 317348
71066 521904
50 5
221351 222061
240533 536823
979193 692476
877997 780185
719059 276790
50 5
180154 755807
709894 965278
761292 832886
224863 55735
739420 491060
50 5
165680 133678
481252 157709
434619 113631
384014 650586
584828 887301
50 5
148318 166983
995590 913071
238060 252164
527180 870736
249450 35416
50 5
661802 292279
712837 89519
919605 468299
657361 549163
310152 69540
50 5
984771 459826
579449 763124
150978 590626
186329 249966
652815 283932
50 5
512434 9367
424731 830229
393642 949781
810406 54729
413135 115151
50 5
563529 771422
766940 710752
10439 18073
597568 951844
767441 647089
50 5
854447 352651
669288 978834
330017 11711
402843 501114
410048 39786
50 5
856258 624943
116209 721027
308591 264341
85007 256925
457057 73426
50 5
331134 730294
294237 731115
765162 280710
904405 928982
205128 82325
50 5
844862 936023
710024 349557
702791 999228
289543 884556
368820 525254
50 5
990867 593495
476458 527544
380456 960005
992324 909436
528874 762038
50 5
179929 68124
222991 88139
833993 153639
622324 745260
848451 612240
50 5
753885 64385
957856 581090
431484 925237
500391 395677
578005 183421
50 5
656386 965540
494149 895219
651853 327552
498078 870714
856473 399261
50 5
252441 665835
610645 595021
236360 638190
782438 987216
649404 273363
50 5
318169 274347
109692 861062
613033 146956
123873 445050
259869 815555
50 5
667566 10439
314082 759514
287676 146298
786085 914543
195914 139519
50 5
438131 66398
380741 639651
287948 988694
121848 172773
931928 443693
50 5
142198 527487
302771 663927
499014 945468
426168 392711
895252 597009
50 5
88771 782869
816962 418244
482811 531503
388953 859728
850217 165149
50 5
339038 252913
351747 102139
828094 668939
188055 787463
180566 183112
50 5
773688 346980
41254 462283
624685 365932
55183 114182
129765 645292
50 5
987603 945100
233749 881065
30148 468229
823326 92444
433673 757564
50 5
928951 31438
34715 134300
885012 102304
327516 663491
3583 977689
50 5
809021 583484
895853 911594
516080 306270
799242 313603
497777 275749
50 5
797841 390534
283367 491382
41122 339722
886845 402072
657461 865309
50 5
45481 838143
619442 379726
953043 727555
87913 188711
678336 695924
50 5
220328 977952
711878 965787
35379 901676
766670 717934
977390 749367
50 5
749795 825899
245534 900742
785955 628798
53528 707526
471148 613421
50 5
127372 119171
791480 121118
95589 492681
825699 586231
729170 529798
50 5
887065 85996
651407 962454
629464 835760
952443 763218
75415 848330
50 5
643443 713892
433574 9793
93153 123819
863293 782775
606623 766555
50 5
294893 87554
184717 494718
825350 986878
577613 235665
58430 321457
50 5
572425 655920
509847 972678
159563 268799
78211 589068
720524 867432
50 5
842056 341805
776910 664996
356025 544809
644132 8867
818437 891408
50 5
208674 768967
824040 735031
443784 925747
794980 553146
383080 259818
50 5
464914 806970
297987 651388
876758 88760
536036 223562
874468 300349
50 5
494055 516177
85724 990883
463939 110427
200498 532705
600658 702562
50 5
382084 73508
917244 667786
87689 742228
274563 496937
658119 625558
50 5
157629 249155
715368 849504
145773 94088
649186 516222
812727 507743
50 5
485068 733493
595565 456803
448731 741677
593839 81743
679553 157486
50 5
533558 220953
383970 620711
653743 323941
725747 664102
760325 127890
50 5
705334 153677
141627 129112
822921 993795
714017 176484
666312 807832
50 5
913874 678745
557132 833458
177227 952743
544170 377468
174018 775836
50 5
918177 193046
42427 782174
829043 944780
364326 372682
697607 146327
50 5
55091 34274
545767 447158
841271 263978
649678 249708
515031 243845
50 5
174459 944156
981788 826866
691683 276406
848877 217436
95804 270247
50 5
995804 584810
807190 753854
729028 66269
164745 336202
789431 922177
50 5
165310 557747
242503 905013
3105 465615
498303 810708
571839 97708
50 5
544508 255802
830058 548010
522575 358333
18881 542678
860028 392067
50 5
558262 860499
656261 595897
277223 723105
2378 360970
807577 550477
50 5
16557 658586
179542 538198
129945 527143
996743 191384
111587 526738
50 5
229911 152530
245686 879845
347661 703324
288229 655448
227045 864659
50 5
932346 430910
410290 427936
958489 369503
749553 803157
473274 297210
50 5
867259 400781
582755 425330
977305 648394
553352 716299
656864 182875
50 5
745284 333803
622538 53839
262302 660040
730340 126567
693889 341687
50 5
394769 741688
208120 54779
458850 753179
908900 888801
911333 953630
50 5
812161 217573
813111 660750
860108 929230
811912 126522
854820 887505
50 5
605134 923074
73433 638638
281131 560532
128557 660044
321488 107151
50 5
928635 980450
992273 851286
36816 663934
864956 552205
233128 979476
50 5
759075 786469
937226 685101
851831 736207
483673 221931
636503 368197
50 5
349825 240304
931087 971193
65472 501652
624342 153146
329083 141345
50 5
569109 301047
843653 397463
634540 693841
88143 651388
429096 943991
50 5
807094 867149
282650 916343
999405 863520
703671 337031
788231 163830
50 5
313514 294445
667243 960041
582220 686843
570167 25893
118005 343423
50 5
599139 451604
41720 303859
777992 460092
980889 903710
911158 669627
50 5
974540 767433
602507 5992
76621 218407
959526 419422
338594 541719
50 5
18149 615646
842179 149542
858884 521523
507989 877990
215998 834893
50 5
775494 155527
696448 104308
883062 390933
589945 712397
449841 711360
50 5
429141 150269
702735 474585
643299 57653
459216 990990
250973 922490
50 5
18596 812838
563175 690743
399267 918383
79820 821563
390764 745867
50 5
905767 397478
519790 86573
968389 241149
82538 111017
36945 416435
50 5
135231 218416
149168 274309
952695 288325
883891 275866
299141 931675
50 5
163604 243970
158719 233366
220538 835221
188032 182505
456525 591402
50 5
618639 627876
572807 266226
916731 552311
164522 972500
691390 265683
50 5
699886 930202
354628 190165
933749 38279
866869 514911
228629 658044
50 5
732335 215043
171715 742817
672512 754726
772062 418213
556883 754762
50 5
194295 471664
693638 807593
371134 413904
842259 335183
77169 947744
50 5
935853 58199
458568 317504
360194 56035
862650 430979
594997 610400
50 5
154056 18673
549143 257082
650165 224480
937793 271807
176668 615714
50 5
85713 842938
826049 84422
961835 799098
629176 659655
312357 273508
50 5
650331 465675
702574 44192
144878 551896
387362 467118
45449 76873
50 5
472799 625050
152660 400430
644942 979378
927453 180280
251482 586478
50 5
667691 859773
184341 343719
468981 396216
284509 201006
377038 802298
50 5
651125 362271
451162 376225
136583 765157
27118 269556
288598 116308
50 5
434614 884293
61322 923876
352778 469212
70197 599013
830924 184179
50 5
999925 103410
780862 14290
333171 888541
325010 606928
662385 292607
50 5
526237 808927
482047 60828
37767 115351
481139 51436
526807 467653
50 5
121842 984305
301589 658662
256651 611713
737500 161912
892028 739363
50 5
503342 246299
439042 13198
612802 33557
235624 4789
752323 947317
50 5
671868 344142
549977 625819
662048 935618
405510 697380
959911 293050
50 5
690562 192692
876246 565830
911342 112783
20382 301525
664998 248801
50 5
109592 239393
526018 638635
945162 413550
165544 178796
466512 326743
50 5
102885 792179
579198 517149
391015 463497
905772 643450
499547 775846
50 5
535179 225374
404563 666107
143323 810607
232890 490798
410724 27073
50 5
568077 669905
10493 726552
253892 839714
964655 310059
946354 260033
50 5
228094 11055
53847 400276
771793 234173
772379 886547
431965 440432
50 5
113103 799661
96836 307154
151738 114206
808490 640386
626707 900577
50 5
775052 926879
560480 164896
199110 248964
403719 94669
506591 314206
50 5
236054 86589
18227 142148
533767 744754
101042 742337
1319 841139
50 5
639773 729250
578349 908569
737184 870251
224684 249129
261429 435514
50 5
937176 82229
641443 630308
765716 847347
148456 780057
769703 74129
50 5
675747 378452
312014 768908
47129 678988
618780 125239
400664 31084
50 5
62938 583291
406734 698552
26464 590244
552030 780515
166928 936186
50 5
317794 366672
799333 158754
458181 4851
407704 997147
309981 125821
50 5
338009 832828
624125 536016
684712 498621
669563 457673
535440 725775
50 5
109851 725978
574884 749926
976475 28954
572622 256912
841045 627086
50 5
260416 367272
668831 985569
677408 379881
442814 747015
440252 145250
50 5
754083 816433
142759 739618
478462 103295
133875 96130
783513 390253
50 5
158437 225201
366128 47350
129886 946083
44773 182801
687903 916180
50 5
530256 878786
358516 442389
811299 339414
271641 228464
890885 352816
50 5
607628 875717
47101 517163
115602 873271
585657 757078
460545 567042
50 5
739872 651570
506321 687119
868015 525046
863583 767154
789296 92827
50 5
622461 348293
974596 898480
55016 230925
73071 876037
32515 520883
50 5
587271 474917
811723 90337
838235 497680
316047 511359
769714 957948
50 5
145238 110056
324513 364021
819714 889682
352122 267674
667338 315533
50 5
147148 988834
125607 233171
421324 527923
262644 948557
900325 468572
50 5
758184 752401
410239 739035
441202 183693
158845 810348
628243 624631
50 5
848525 633459
496255 993898
566271 870872
28686 488413
193404 787317
50 5
606881 540909
936519 820279
253012 958233
456312 955051
291975 57313
50 5
499468 589285
369090 893087
483140 699470
568887 636814
929239 694584
50 5
190985 835852
108786 102057
521713 392725
551294 666569
139316 308340
50 5
577147 156164
159033 648708
643789 284693
808130 533406
627733 937747
50 5
388336 961694
432559 842233
803362 469600
81279 544646
566508 863198
50 5
763472 343716
109789 101263
991742 17320
12566 240788
780804 808502
50 5
539118 553152
862185 88056
838157 522246
377327 669212
629262 577566
50 5
931507 553783
389520 150248
676733 333466
122817 529102
476742 124586
50 5
223076 388481
895211 284791
135307 502691
78925 262591
956858 92482
50 5
781025 709456
217252 530484
29067 264824
669124 183930
664453 847636
50 5
805133 688101
442211 848518
224173 112432
423130 295166
674064 921267
50 5
172945 677075
959796 886289
301394 807183
593454 719773
371327 559391
50 5
434563 603821
799700 109473
698930 250310
786215 316726
896841 237358
50 5
863079 512752
557734 243086
429761 51154
179205 277349
634975 788383
50 5
543972 904025
546694 414077
274967 671817
493074 517299
309086 641890
50 5
795710 916325
639472 868265
816670 669019
898793 248186
917820 135810
50 5
977764 1771
481424 30609
294138 87874
124809 789842
481080 186452
50 5
112362 780397
468573 824955
317000 441304
118705 857636
808212 617195
50 5
374848 706849
398832 421178
820073 122494
856697 962089
791595 754666
50 5
298700 784184
74608 578342
183569 836852
355381 903420
659635 680208
50 5
57523 567744
566481 221448
693244 750735
835163 657016
682203 773148
50 5
396882 734477
669211 394505
470325 462475
17314 315011
592791 196168
50 5
115236 391539
617515 978751
699952 409337
258942 759709
531304 564492
50 5
386644 728938
934203 439392
194228 890220
465404 978997
928543 114974
50 5
763212 750627
452159 176232
776027 64911
586384 438408
258172 304360
50 5
127630 852398
525707 559886
101178 345520
644319 940592
761408 733481
50 5
777016 990486
214198 987881
938032 750821
818424 158011
436469 47839
50 5
923300 961689
489039 311
691747 626641
521100 289903
451606 63426
50 5
891261 345396
153893 330720
71900 433465
415078 316724
186654 881621
50 5
717795 529744
552654 605219
132595 413790
795260 34213
762213 777522
50 5
975727 923384
59387 348442
977642 434610
566648 950158
405992 340178
50 5
399184 113973
839424 629931
738518 5918
855179 267098
799899 171766
50 5
11297 657823
204325 125110
203519 254387
480482 440442
189582 400341
50 5
144654 441602
801963 429709
361403 835945
54472 94413
427945 122784
50 5
629892 340051
74163 780172
259395 285884
933315 94886
720611 58749
50 5
389275 907798
496010 90115
774140 233664
661083 249080
439510 308955
50 5
763600 354851
825383 459755
182858 466831
204206 59103
73110 531510
50 5
148991 847967
167934 566600
182155 197259
964008 778208
691759 269814
50 5
185209 376432
140229 654255
545543 799952
557145 409737
63049 757139
50 5
102460 82303
41332 81323
235407 13091
260991 510395
222240 85695
50 5
896129 75423
32303 955228
350515 306041
202250 31688
698159 940591
50 5
665865 236842
776866 436199
623369 970262
991822 518321
74610 344042
50 5
412725 486106
730227 880903
322747 367822
711011 902258
380588 408564
50 5
351009 797784
814993 841291
647064 671073
81111 825423
223980 599143
50 5
294793 491232
692200 10000
605886 30575
181323 120890
106975 430350
50 5
304747 257871
932217 509976
985110 797040
707429 881049
458107 685915
50 5
847766 347384
343794 701141
3282 635805
926154 972565
931896 596598
50 5
328198 114050
655235 776177
624517 82109
337931 30199
461529 588600
50 5
658050 598323
17945 237389
287456 530065
304542 270882
485160 344764
50 5
577868 316085
25467 9541
560156 384363
816933 317171
362924 721195
50 5
514802 63902
178835 833689
875878 853956
880840 351979
654713 833720
50 5
846681 727030
332013 963894
450710 298562
705314 968066
483065 899192
50 5
277336 227753
973398 155396
298380 809554
846638 512199
288987 151140
50 5
19152 453269
897799 667710
866817 100517
925428 694518
335928 585352
50 5
144048 821607
963463 858796
852652 782100
941896 277197
913502 327330
50 5
656305 376262
917808 992210
657926 310961
918984 698981
349587 185672
50 5
192434 758167
363953 697990
718874 314776
228221 182299
958298 893346
50 5
881475 537206
926215 892315
90140 118327
5017 518522
816924 216872
50 5
485155 970986
679191 14591
801184 856064
897372 149790
149184 101909
50 5
997345 622611
253332 169841
179401 615219
626087 653812
503152 699646
50 5
602407 144274
313342 921295
972017 273228
407012 12610
871748 129611
50 5
404341 706365
254730 680683
312010 596473
942899 312388
238762 739336
50 5
277517 358663
175290 997722
967240 809543
968284 946268
597358 536241
50 5
556077 476911
622961 537945
391733 559788
543289 520630
432864 81788
50 5
361327 905263
31103 774066
760681 428613
360998 983788
19675 511244
50 5
802725 298922
837141 890124
44358 376329
731411 482081
140136 752444
50 5
306692 299955
280579 765237
837244 873556
936057 914337
45191 12006
50 5
394145 330108
970729 412057
159142 526493
538529 724675
271753 632874
50 5
409008 199970
819599 877017
344456 392922
682879 448770
878372 199248
50 5
313625 364263
838938 868534
234170 155234
639549 418910
604033 16404
50 5
820595 281277
524118 834712
485988 323509
310399 244092
42541 915622
50 5
713302 336926
999326 634801
465997 159573
133417 866391
309037 244680
50 5
941837 293297
821239 496957
409454 762543
51046 513454
529646 759411
50 5
543970 595824
987086 914727
883845 155594
925423 13500
403645 499429
50 5
139270 936881
562312 776603
37110 353828
264790 467289
91220 316156
50 5
555630 709207
44124 610123
75972 291136
98379 276163
799460 140143
50 5
171244 363902
274609 716867
934649 121651
534442 762627
884525 748592
50 5
920221 427638
188875 637301
895174 451748
648265 464755
599869 637783
50 5
720791 11946
676592 794122
76103 294431
520195 484979
555278 153325
50 5
885179 986008
480120 475817
136892 453805
653093 66450
139391 995875
50 5
407234 963515
94743 656147
951915 936568
638003 94727
609827 844324
50 5
206823 35402
286436 651321
287194 50373
298483 841056
809392 494777
50 5
911979 679451
664317 435932
644987 24082
434983 857935
899979 839957
50 5
760013 139258
271255 697534
453173 286398
202240 594173
356021 132732
50 5
595539 502614
199034 336863
631214 22670
507825 513344
607189 344344
50 5
559108 935812
620299 516358
118954 221473
780478 912871
306241 342505
50 5
932658 191401
14848 377089
64366 481905
303684 359563
391287 784991
50 5
283941 596276
50093 620441
770504 598992
604336 651426
321967 831976
50 5
241835 512075
968888 230821
747104 131426
554953 630218
964113 303571
50 5
120665 847426
70028 407285
938734 280567
398545 316893
889947 878040
50 5
414636 558107
515615 792343
345060 491138
918292 631420
665607 541401
50 5
493005 945262
572401 194468
655309 319329
972314 868240
286146 983333
50 5
112466 985054
845657 797838
585751 198315
814159 67227
382019 484228
50 5
913423 344656
7580 153644
722192 526263
783945 673653
950187 674498
50 5
788495 840250
36433 656257
255883 845899
567676 518621
779397 167142
50 5
641609 475606
70213 948555
507299 68082
966706 284484
538711 399467
50 5
639195 4790
780445 207441
402600 280370
300374 363839
201382 679336
50 5
468740 851475
270476 526999
856264 606099
375289 967260
769314 63874
50 5
738405 256579
310788 635181
982711 665455
686533 964954
895757 273452
50 5
109231 982388
321172 239252
766653 572553
579752 297988
561771 138267
50 5
902013 572091
414379 394379
268265 574481
289171 567055
968554 27336
50 5
325184 42557
179662 57359
611850 64729
152088 359493
201765 403589
50 5
803105 304248
575169 541722
122636 992427
952076 940128
417211 356087
50 5
515727 874096
699371 727224
866304 852324
426699 563450
806152 206229
50 5
27197 789912
66999 215905
689515 66971
177961 579948
572955 452604
50 5
789689 44628
472053 184792
898829 864376
540696 668917
280619 169603
50 5
707627 199821
464261 874573
383816 262645
806175 650874
406486 793188
50 5
794237 991181
270308 645162
418788 684403
298939 432131
542683 26817
50 5
770877 854387
638439 590335
913981 836829
939101 724270
976306 74527
50 5
510590 480754
657676 648194
604129 718626
523279 528451
512162 699511
50 5
650123 975138
297794 643491
152649 987589
407704 566119
822277 359442
50 5
316336 290793
967670 28486
6473 781848
875235 389240
104081 251462
50 5
570694 510915
622173 748103
494109 276651
338412 177592
54561 973641
50 5
433901 972518
709315 415313
634618 992702
621624 681103
473856 20800
50 5
805502 664991
314741 818370
891021 192207
314798 992695
484270 483444
50 5
733310 194833
723890 256028
386320 897587
634865 950751
486140 211291
50 5
479830 402595
648515 688781
832415 91940
638571 790685
905887 166202
50 5
867699 300483
97715 12909
703314 225636
833021 996806
190517 508482
50 5
723976 407045
34431 299687
936346 878661
235095 118081
485736 555835
50 5
858726 672914
349973 16306
921875 257259
102385 580158
841901 218296
50 5
431585 662247
345415 804773
314424 732401
338014 143557
391153 981785
50 5
69706 65423
484329 5973
689867 403102
593426 741037
748609 666187
50 5
55231 247593
668469 678843
323227 221427
13622 592813
680643 996394
50 5
92281 795737
945175 352042
955674 968871
170442 10370
380239 883128
50 5
503713 396964
639996 252995
745254 485784
342543 79194
323427 355540
50 5
3243 761935
565423 783451
63848 3790
413987 960936
653350 835905
50 5
185217 811269
241739 702482
285140 645910
288057 193955
413882 647881
50 5
132854 629213
572558 924488
505090 742820
932763 518665
164989 934789
50 5
83106 8238
732428 212640
847220 348532
688694 17060
254916 894411
50 5
879641 618652
27832 405450
970760 330095
521256 585974
633040 855338
50 5
313979 54864
289931 296770
282771 730916
30491 364301
206442 754546
50 5
173812 20156
939490 644381
684223 506015
609204 334507
233021 888189
50 5
214042 746646
138581 178734
479314 112464
749593 911107
449810 638505
50 5
447193 759616
961987 14232
435030 859995
423188 977658
820814 106043
50 5
421970 324590
721563 865463
49277 287887
307723 53858
405489 5673
50 5
102518 481371
397021 12566
123673 214474
825805 740217
251293 329772
50 5
476677 914069
867413 865178
220903 191921
872050 797166
571176 53201
50 5
330823 298899
311189 947008
954085 87079
856636 13120
89048 220781
50 5
752690 637065
838578 56616
629818 576378
551937 438162
766986 265924
50 5
338019 691180
256438 905870
303298 493798
150779 190697
133203 303877
50 5
891610 106863
728984 373707
123027 261636
731474 374790
839644 596509
50 5
92576 263743
126866 762110
597792 400398
9531 157856
982860 703632
50 5
250083 88141
510943 16604
608828 959115
268771 753095
499506 494064
50 5
136524 576923
837934 770090
137719 433647
669803 792234
573075 377853
50 5
413054 457775
226531 282144
846724 545247
59310 394687
806804 81369
50 5
533803 551476
439448 726314
855181 384413
3933 436824
5310 903313
50 5
141462 356811
391234 879834
515253 761921
314615 543893
196655 362524
50 5
68741 500195
885856 122227
631823 331050
720492 973214
724325 952009
50 5
416268 933419
859594 31178
546156 672115
893085 634686
984102 939285
50 5
235024 111391
769748 597838
286170 491054
442924 406200
998378 527920
50 5
419212 42677
922769 567588
618091 946932
2574 605448
51744 671750
50 5
780806 764504
55572 379496
658029 700751
228031 780263
34023 974564
50 5
980946 366154
251726 161519
478356 82651
586893 559572
725423 451417
50 5
786745 586149
123709 394140
236059 733330
267254 341431
357520 217200
50 5
47275 626117
4245 396684
990996 390371
171652 25130
135168 275243
50 5
205249 624112
345620 430726
536376 653925
809378 56862
810786 306870
50 5
171061 330795
741354 167749
399221 969115
887091 637699
433561 296194
50 5
98671 786963
965974 419731
221562 436167
138757 303752
715424 271595
50 5
528082 72724
528425 799823
237566 678167
615992 505925
658780 567229
50 5
72813 959721
901475 206998
146007 737006
521941 150357
998485 275898
50 5
678546 394951
222753 918016
787770 742978
26240 586427
755875 961995
50 5
81090 664132
997568 496754
868256 743289
69004 575180
552847 839633
50 5
427465 236889
601833 958927
568355 762141
273980 974760
636154 648888
50 5
846319 558841
613351 441118
695470 803205
909460 825141
11897 922364
50 5
179966 323305
956635 423350
270811 605599
539907 947947
92792 220730
50 5
867168 101109
227141 932382
388161 627820
445101 787103
5218 663946
50 5
73229 778805
564725 769188
140419 407990
841558 450247
151420 898010
50 5
827334 539455
431043 424153
505007 545761
265956 193274
679342 956412
50 5
618482 579394
844058 786355
31689 202131
209248 553775
211636 657955
50 5
14867 476224
803766 556137
798297 422775
610034 128469
704501 287018
50 5
863753 369462
203198 140193
3704 326196
264496 482333
296764 533451
50 5
398434 388090
440342 598849
55902 209553
819478 100053
427361 464614
50 5
211678 386125
454090 647776
387147 362253
330778 902173
613233 4411
50 5
149714 619541
590992 338368
983833 409812
718294 861778
735595 328613
50 5
585864 145306
57758 192338
887065 926807
410354 217589
204457 252313
50 5
322113 266947
912144 305502
414939 638043
799297 443353
28403 453250
50 5
182569 628636
98958 914471
44071 993939
882414 349645
679486 310646
50 5
34562 579963
173334 615537
523051 808698
938497 814015
913986 89474
50 5
806626 896443
501726 567679
701937 600728
886765 374943
672440 383455
50 5
734394 932899
914766 348609
736518 426279
152811 430417
243802 340962
50 5
575372 222134
268845 443351
872532 367901
876827 523300
344039 246813
50 5
752789 33314
639011 124433
30545 816504
744985 572906
313254 948348
50 5
365886 490767
872750 720485
560056 390697
909041 267925
69161 859516
50 5
673016 586313
265586 137475
967238 916267
215734 442220
178675 613383
50 5
414342 77773
178085 135901
401047 475108
64611 937880
919676 626111
50 5
863400 225137
91111 119462
686012 653421
961334 242648
20672 484826
50 5
649242 69907
666899 971444
824459 804582
921698 841971
369262 931672
50 5
618752 526120
253915 662622
320688 688022
177861 912010
526373 660133
50 5
129153 167252
336332 309406
197223 562697
89826 782845
706855 262696
50 5
293906 191898
893971 664902
78619 813002
453865 309314
669060 739356
50 5
477961 562802
691000 50660
114202 444306
810120 673313
150982 13071
50 5
252473 852314
185035 325385
331067 512727
76727 550840
981355 529460
50 5
362647 671383
80597 673436
471001 54719
580307 381005
108989 551487
50 5
52782 932026
166267 416706
224716 851803
261593 162820
29850 85175
50 5
698043 397067
933146 781224
544962 199323
548356 997413
443507 545065
50 5
930944 399359
655606 294051
266930 139707
496065 972696
128471 580050
50 5
100162 295309
350928 714345
222437 684116
201243 476558
181773 436101
50 5
826608 631958
733567 60481
454624 826278
497148 167734
497961 835250
50 5
979064 330823
471704 87313
841739 67875
50810 418749
349109 259704
50 5
722491 90362
738185 978159
390026 905454
538103 445207
307497 716493
50 5
971581 664200
666311 134250
811109 600512
37556 347606
320316 761816
50 5
704781 430502
77631 730659
577874 938683
178719 973004
187912 560885
50 5
650198 465198
281401 849359
323552 748229
548118 372092
994285 570060
50 5
530996 518083
872604 304272
960633 737329
570892 443481
177805 528475
50 5
25379 238534
844884 393080
158367 198563
839209 891868
217052 516234
50 5
968235 707030
941326 5801
827928 655708
400067 146710
355529 771420
50 5
50487 199148
31393 129495
513260 827599
207512 887441
787793 484756
50 5
671174 769104
864774 236648
495656 207181
528835 710491
750441 661799
50 5
593557 658830
838107 266024
426024 596988
34404 957964
492886 768136
50 5
271994 687649
691670 141793
227845 943227
243527 440432
219257 253866
50 5
298649 959587
707421 128781
641815 648875
821555 5444
121444 195461
50 5
399319 929437
87667 538159
578825 269737
194699 435767
939430 337474
50 5
789942 452647
533719 191776
858173 148431
659316 355260
292911 965935
50 5
180807 203610
856741 885810
268475 116213
585191 215029
262592 530198
50 5
224159 740491
152420 298652
817582 915696
724414 794982
807458 328029
50 5
523907 335828
813831 669345
596949 118230
526984 300530
143973 141015
50 5
780679 202058
130742 162371
179878 416509
968303 908667
812727 618862
50 5
171419 33788
227713 41864
171552 832949
673959 380301
734807 720820
50 5
894569 493073
876684 455911
54724 790117
685509 119140
35286 423003
50 5
117249 365492
428944 104633
865115 903932
315637 36861
280358 730888
50 5
92112 218033
514342 313924
479523 969206
734813 624187
415936 857440
50 5
806531 411751
154644 625832
714677 501387
792224 679415
381745 572640
50 5
503832 131654
761017 653127
362531 839563
264184 125452
230742 15294
50 5
272426 260292
818085 151667
221967 693235
152164 53197
246368 129911
50 5
514486 603985
176608 754128
705643 22666
285603 656139
234955 967718
50 5
71523 403873
367587 661885
645363 500039
705360 645225
153255 393829
50 5
382703 356408
77583 11996
542559 8723
376130 600573
345853 103283
50 5
229824 781142
940001 735079
838843 546279
162014 12023
336909 312745
50 5
314079 416155
881128 989601
396463 136311
671804 445764
823720 804276
50 5
2025 782192
353891 301532
494528 344578
41213 308754
240860 889126
50 5
840621 439316
662514 24633
494647 774015
570083 636881
569267 977382
50 5
718317 523196
584026 892504
212504 475019
320672 17217
684555 444674
50 5
553607 937827
769151 759910
874703 338691
975200 474847
565511 156313
50 5
111438 604052
973931 259684
525065 491864
35172 54825
912563 582812
50 5
843669 652489
976624 990019
857189 298731
749938 835027
298971 224837
50 5
70610 779853
513026 130115
228662 217547
289950 415110
221673 988278
50 5
294874 94896
234561 639375
928945 376187
456967 36553
464214 492896
50 5
384638 116555
108292 190424
869766 5691
133882 829697
589908 840798
50 5
81484 632740
838762 499679
252500 334468
765956 40716
127626 911122
50 5
856639 996620
433341 843075
383490 742436
764423 410281
258322 309557
50 5
413454 652730
87943 310286
403255 769500
475971 344336
482736 33323
50 5
78840 761256
255752 638363
472099 933067
451670 725273
218309 99632
50 5
552607 108905
653658 245921
434093 732896
618923 589795
768979 193303
50 5
281466 680666
451500 912281
154757 433702
770834 449971
647207 794922
50 5
11169 770653
279204 640279
176632 821484
695032 165258
174519 77404
50 5
272134 809647
905744 457455
597427 209560
454334 770960
251846 850560
50 5
37551 478273
542190 694874
770630 892643
160493 446952
953820 993406
50 5
724237 24654
245562 118257
982574 792800
183424 127051
619594 354280
50 5
557155 13030
620793 677054
481844 376044
786692 250734
298266 853553
50 5
119257 579837
801717 468939
470301 722918
760258 773680
386953 757793
50 5
327021 511782
339499 239719
512970 747434
71832 971804
236962 155242
50 5
107893 289080
962400 296677
130096 702340
602537 187899
392088 252717
50 5
80351 580218
280225 764418
594660 274833
102518 76460
418411 846290
50 5
734302 696373
115799 658883
632915 779310
52937 857020
474628 57406
50 5
542294 33873
982036 979222
763830 298520
153197 338840
743662 205567
50 5
844680 947995
428997 510810
900459 543710
158583 113476
421141 468699
50 5
220295 282983
248948 292102
164384 201277
866708 120326
249064 47987
50 5
381017 409884
94083 35682
759967 772224
453143 113735
800625 296036
50 5
661562 98463
637757 399030
654448 10262
702173 7722
213563 389623
50 5
361414 666052
245679 482467
843287 414357
726992 843022
890333 598325
50 5
888675 333404
262248 554540
993680 207598
368151 702885
424539 298886
50 5
989022 884784
131417 204591
215031 112440
592447 365043
400255 693079
50 5
673951 758627
563903 834918
558152 249654
896019 292804
660123 857677
50 5
290310 164302
29415 761191
5325 902160
307116 14623
232407 579329
50 5
363649 261487
289010 781268
484963 176871
89044 256189
512491 968043
50 5
136184 404420
431909 957863
141582 702220
329691 54478
993408 811740
50 5
589811 813675
42134 742502
895284 313103
525482 912383
754350 261421
50 5
699973 717462
751048 282091
494759 459601
188222 534077
136389 220405
50 5
181624 905117
262421 888307
282947 240016
786949 237869
216549 820193
50 5
775050 405600
145160 201773
379126 639932
42151 20008
257557 408327
50 5
942811 972263
12530 872714
101547 574721
745312 731752
793024 723976
50 5
285558 846882
903297 391381
323045 754748
786099 586188
758353 52354
50 5
111304 672593
744866 40833
607234 139892
416182 586281
347875 628591
50 5
96328 598017
612231 487901
394170 871593
768540 979268
568742 828479
50 5
394339 411095
990808 760124
779672 214006
108357 955080
675795 960472
50 5
279164 999612
818919 701692
35528 602717
744522 211332
667366 226494
50 5
860601 829198
40778 853676
231340 817941
655971 987887
20293 867804
50 5
535926 700520
229446 191795
990899 537000
159397 465128
868880 206957
50 5
809566 292743
61729 939524
128016 825587
839136 841280
929877 761352
50 5
670125 353263
186331 90977
49466 337781
798892 369551
715478 954280
50 5
10351 377567
588171 335697
433844 954041
900086 522815
533028 807674
50 5
649393 429994
748288 3496
851669 84496
593060 505297
277559 460631
50 5
30525 386972
944001 598348
597986 916515
378998 534635
632310 340860
50 5
231161 836729
806721 877190
883318 183761
300597 670758
323641 797514
50 5
484092 971573
796711 301984
534582 661856
265831 821237
740001 422736
50 5
424322 201034
559838 246049
29356 874108
30255 728719
954213 189805
50 5
240393 438995
164061 174779
290606 177907
58576 745560
70122 928112
50 5
141549 823038
882602 145754
683934 349535
445010 508853
202440 340332
50 5
875489 115217
371463 234544
271672 278096
724862 413715
645938 310221
50 5
990621 670250
786132 871281
10527 461281
96860 341866
742929 299160
50 5
645551 703453
894480 211952
497759 736245
715534 866253
210816 456325
50 5
505359 183720
903324 480886
477555 336320
232904 778861
607876 166964
50 5
911164 474730
939976 65164
206180 915712
477296 766711
454644 19509
50 5
294449 348765
81929 264778
874580 671522
519406 688198
528542 891070
50 5
747929 401935
560090 902927
646070 678420
69156 939812
589992 5594
50 5
842363 346060
221203 899633
877631 546392
358161 389725
5559 255065
50 5
414257 511681
173355 925286
273917 116142
773582 655812
60869 694117
50 5
360967 407435
168147 354250
335245 377510
652448 496327
38047 879395
50 5
555423 295955
703805 978300
915307 837540
579837 534750
514921 254914
50 5
773848 158087
783470 774206
750231 859366
499386 661937
500569 240219
50 5
506864 516364
176368 415372
383164 848606
643034 360054
639829 565412
50 5
939905 673945
357581 232913
494901 628922
343731 592106
930542 274196
50 5
935442 506239
84729 429855
552453 363832
586908 854428
569376 445061
50 5
6775 424640
32201 736969
197038 913649
291943 524808
614631 276381
50 5
768909 553995
825121 777039
29897 279838
291452 297418
627511 122038
50 5
827474 757416
450852 220891
504550 119397
254620 966932
131436 661691
50 5
965685 268300
686376 308351
678823 318134
417241 921899
531520 731132
50 5
612410 586228
809750 964987
188063 448817
336484 953267
224232 460209
50 5
9764 290213
96052 82666
576996 482788
72202 767756
978726 22324
50 5
698422 384909
704489 465898
371352 398009
981666 866786
74608 394483
50 5
872160 385235
763004 553258
423706 706730
923396 692276
391862 83785
50 5
284995 719783
179038 610918
622927 478165
695244 85006
472724 855708
50 5
603685 564589
762041 286133
126825 893952
598827 11969
5839 805354
50 5
625040 975576
613261 550995
181029 386444
945847 308533
201285 694964
50 5
595549 7550
777687 414140
319599 597330
881609 535909
88126 488873
50 5
702979 621262
415504 543427
639950 439016
637818 400180
283326 394990
50 5
789476 668301
968457 162650
44407 918249
920804 347606
205772 221570
50 5
975357 99337
877019 312773
37079 440162
523895 305148
259126 439250
50 5
977691 524173
655014 139619
874317 550538
652383 870708
22598 985432
50 5
985625 403898
10177 801246
200196 475072
517143 991593
907620 350817
50 5
102203 540312
817238 972421
675249 212307
77414 835424
47338 407977
50 5
260584 608167
399902 615175
971904 157034
577559 313608
874980 544674
50 5
44817 313834
52395 849231
725218 425872
974726 380253
605144 887403
50 5
339929 802241
112746 938276
619893 859525
180943 983793
560709 401976
50 5
843266 648463
805803 986670
171631 395879
798497 150853
517346 771393
50 5
680753 228299
867990 374586
233423 548640
341467 49875
351735 677186
50 5
71865 36376
347413 8290
549255 891527
499751 515046
891847 312537
50 5
562664 844143
239797 514468
619744 132013
21247 590517
908682 489271
50 5
777101 1585
940751 74809
362907 551144
46808 389418
823441 379342
50 5
410405 531745
538408 268567
439688 638861
407085 732505
581820 12883
50 5
89509 79157
595414 735357
807198 932508
652270 304635
178689 603990
50 5
527163 504834
677383 544511
929584 537821
424957 753616
271463 280516
50 5
353927 963044
826000 177271
746140 167903
771943 542238
954237 57615
50 5
512279 151971
205613 350658
617174 813965
890370 12071
431087 478698
50 5
22801 332226
339544 462870
520206 735153
122064 10521
175726 73440
50 5
715837 708264
232055 528746
153066 80486
730924 63165
849660 717024
50 5
495559 808738
160044 563473
32847 437173
211514 440692
393049 450513
50 5
814685 456799
812708 664760
102578 219129
958984 940602
297780 209771
50 5
852653 136990
253814 25270
862123 373197
541943 615608
994453 117425
50 5
348371 355618
307246 347584
585331 763683
859504 198546
836644 811455
50 5
555395 932460
552950 86514
996127 268800
349900 318864
445178 127241
50 5
962953 284478
517552 820334
975280 967812
214264 482672
910729 564724
50 5
286992 580995
472836 104270
337788 496651
657090 753970
156791 731883
50 5
238662 902018
825059 616943
99981 255813
964471 47691
514423 499145
50 5
905065 914501
570650 120628
381915 359484
720579 947488
42867 289674
50 5
980796 958024
918802 763395
244481 172482
445378 71145
604789 536159
50 5
829806 645140
892416 464897
244093 34501
984140 764912
706516 135719
50 5
719666 133113
809151 682392
452492 989559
886243 845433
286505 971547
50 5
466830 617980
975648 146345
431304 13844
95556 87455
368848 898263
50 5
815109 889167
77174 68888
271028 521309
855955 663423
322578 304347
50 5
833651 653938
131275 359551
482094 934188
966589 38336
528005 228818
50 5
457928 261590
811341 813149
552227 401212
336336 198864
606302 718835
50 5
287306 774515
797937 262583
487837 247229
105807 604600
115622 16985
50 5
905871 116541
303075 740965
387029 638281
865514 210063
957095 402509
50 5
473775 221285
159068 702842
98505 172647
276617 746499
651849 825778
50 5
315970 233500
996326 616641
383502 706465
997209 947458
416223 11919
50 5
737886 794624
679079 77548
298746 346122
713116 510351
649541 972766
50 5
949244 174448
610197 764604
921755 703507
628483 282796
300943 848463
50 5
143170 144297
7050 11527
226477 589268
683279 519667
9798 577727
50 5
857455 415300
177078 931970
584987 793344
533921 547557
910898 624004
50 5
879508 307333
382783 588995
746871 6512
760478 826937
752532 366588
50 5
193495 565370
149456 534022
390451 966945
50847 13190
565919 918553
50 5
374034 857695
477845 115334
670823 368473
877084 154988
185295 3029
50 5
553691 62173
630420 12477
502668 920098
364072 601383
754335 863659
50 5
952041 92129
170904 781293
262302 882455
923064 618868
881236 717631
50 5
361219 291100
115157 548203
823910 218304
202611 582131
38867 422533
50 5
271848 599235
824580 89686
572774 618026
84782 71563
160531 220637
50 5
920805 100964
520411 894093
1081 378255
465477 36528
863021 20469
50 5
275122 975751
269615 365890
955516 525496
326075 848391
453968 720433
50 5
107783 213970
221682 68425
722170 677411
737002 383097
211649 541381
50 5
511135 289047
810432 835613
215294 716447
27185 764104
804927 824643
50 5
234206 829331
341906 333902
843411 52064
698468 511947
905488 159328
50 5
422060 324438
59121 71237
387064 183098
907046 24632
971501 643567
50 5
232683 243585
535601 514726
714100 514505
996058 896809
485779 726198
50 5
537320 878291
94387 168233
37754 485360
317033 903490
887713 459278
50 5
579043 971095
550834 514335
400693 130210
589026 75108
914421 134499
50 5
785368 327512
877886 782160
437804 51408
408680 897958
384398 699740
50 5
255859 983138
924798 19836
308492 553502
355411 604928
492622 284642
50 5
437961 138269
682369 43155
457712 869880
453552 610929
430665 349212
50 5
445753 29191
736399 752244
957377 524448
437482 162080
908030 674786
50 5
679729 734184
379259 255650
935187 216259
55388 483129
166996 798386
50 5
853301 280737
5048 15639
459295 115002
956827 307839
969556 295460
50 5
377574 856172
237895 223950
676760 130980
580203 921466
477358 536729
50 5
467880 163048
739412 977664
379155 143438
537724 519321
901815 261262
50 5
882003 206614
232726 219544
548860 280680
546622 139893
114027 27501
50 5
75 262477
919196 161230
978244 297719
540261 51849
608436 342853
50 5
16578 807115
698694 182930
615333 892753
785047 165425
666428 115055
50 5
642910 340836
657736 951676
160868 826512
899747 571984
191945 473393
50 5
270095 493905
530862 490838
206885 496056
819539 800229
178500 898675
50 5
940409 394683
924289 319593
44631 567796
319135 181340
130128 75156
50 5
91260 847151
182083 422055
536412 328469
607645 498572
744738 394429
50 5
730175 638283
631484 198754
757709 32525
813688 77536
556632 634646
50 5
243100 154618
220463 526803
162500 442050
256365 974968
124890 974886
50 5
86600 240036
508795 71016
430097 960131
484251 564380
752376 699374
50 5
18995 924742
359320 992326
87490 571710
153321 575831
21372 230198
50 5
809830 38832
228561 774245
823970 756286
651545 323124
235601 915861
50 5
693243 822178
54691 728200
514357 118721
652592 454664
993843 692434
50 5
758979 509686
574168 171042
288120 642697
582051 376199
516512 462811
50 5
923043 102537
826051 537603
616498 175952
522871 603420
818243 380163
50 5
615487 231021
338539 454220
982268 575671
39314 882497
145665 833841
50 5
974667 8076
191336 820611
522094 236557
779882 848953
814947 455499
50 5
241713 947215
837014 219577
555171 638900
750716 798630
953355 936978
50 5
939603 352093
166154 451541
462154 611129
141109 772984
308540 416698
50 5
906224 885674
619563 549069
537014 121909
137345 127354
839868 835910
50 5
520616 165006
394260 738493
135010 582628
829917 319238
423849 77571
50 5
209727 576910
953331 110972
582905 733572
495538 194820
556717 633660
50 5
753829 584387
496066 736922
615722 773808
940235 163795
752187 356719
50 5
916106 326988
446440 314452
810171 431259
679897 769714
332870 148596
50 5
171323 720697
190738 690612
502126 950772
72817 718178
449618 562860
50 5
116986 684103
472041 989197
982627 874727
617554 620692
678219 702264
50 5
258107 3969
302077 822776
171251 33119
25634 60054
92552 892665
50 5
897279 556573
959517 20043
117734 293618
434413 707079
750983 96514
50 5
968987 827116
936454 53999
188223 218390
439400 838448
717659 880562
50 5
709622 405682
784305 926113
715630 939972
62963 335637
190570 259685
50 5
243292 779083
612493 668243
781250 619461
473719 640275
811594 163407
50 5
49429 668029
414587 306107
152323 804246
675762 287602
860506 295759
50 5
647558 666761
142991 444438
77838 842583
367704 352770
134710 879288
50 5
445555 983705
899281 994804
482925 824994
342076 688948
141505 8666
50 5
801943 141369
618884 349694
71824 388239
335110 234247
188225 986838
50 5
31015 116333
483292 165114
491716 498042
577451 156944
628582 985068
50 5
608123 81138
989469 115036
492457 12861
601516 404591
173188 525999
50 5
552262 396669
796975 128433
981564 599010
444044 696876
704062 622750
50 5
463823 51413
838241 945942
857575 87384
744169 347953
743416 982025
50 5
768051 657916
525079 152194
329089 919707
593166 547540
197399 541881
50 5
403070 888616
235137 482467
853748 855068
599089 87958
17496 28182
50 5
988820 200704
674945 218970
926582 591170
681983 585549
713334 495633
50 5
468151 246360
156445 32329
694215 297973
36880 962851
948604 126331
50 5
20105 880893
56413 543048
12821 41386
663403 563893
788158 140483
50 5
639132 15941
487886 990589
547351 836163
155422 556968
790885 147601
50 5
48766 615632
786275 214027
856254 693681
791942 986787
223822 353513
50 5
572794 598449
302259 456534
54454 403433
182837 97104
19189 57994
50 5
735298 306945
840245 305544
57784 564970
253581 48407
376554 125833
50 5
685850 826427
691673 670365
445027 668890
841986 669437
647815 494300
50 5
88320 17075
771917 655200
697873 770859
396190 87253
636698 403442
50 5
901271 807859
41165 283621
86535 751237
414239 284373
814149 623623
50 5
736742 734318
344225 737022
464178 674766
354550 308623
929741 365428
50 5
822880 926892
766209 668579
355932 157134
51947 39019
920237 524599
50 5
393605 32183
242017 876025
112454 981115
232331 102628
700067 369560
50 5
90687 776198
460487 179112
316330 909275
171221 921381
825494 923793
50 5
980573 395723
870582 661849
527799 454110
616114 905153
90065 591782
50 5
11118 100103
100902 945390
640766 981754
78835 622385
981171 619114
50 5
637495 175437
429795 274588
161126 170338
725083 447117
140099 497533
50 5
848936 116104
98931 159354
112800 897172
486385 632281
99772 732012
50 5
247399 926065
650494 981947
991039 849353
268979 856302
350065 642910
50 5
637522 827471
604359 847955
757637 52279
460024 940919
876286 3880
50 5
370407 124546
495960 414773
698229 160509
754420 471825
115141 548559
50 5
924140 421847
134895 49415
21054 922504
100024 646520
481119 917236
50 5
879980 512076
960848 299339
798714 501016
691346 715083
147582 953149
50 5
669640 433527
750550 48848
842330 273775
548853 803119
582120 607498
50 5
993582 475957
516166 644841
888545 780515
345822 531802
670929 462981
50 5
636470 686437
690065 67347
695815 705026
714349 925288
419327 760780
50 5
207227 999859
688625 931918
552104 500760
515206 915032
567637 4433
50 5
628193 104367
609332 866190
749812 768663
744524 244092
790053 350784
50 5
516636 565460
882784 497119
940262 533883
912139 787191
764 502116
50 5
250662 397880
108625 692639
996571 13231
176270 964137
200246 264104
50 5
305489 618316
914167 330733
263920 462564
646032 203992
781637 221857
50 5
432288 168527
837550 528333
396488 58807
292465 48999
612023 806385
50 5
177950 460598
530730 503973
286239 795947
889216 262877
783011 833276
50 5
575352 63087
215287 372958
137470 194045
763898 521579
577434 121235
50 5
478557 940633
103668 237701
544272 445021
595643 243329
447034 401663
50 5
571267 33371
616985 458548
563868 956660
60705 418491
877884 763702
50 5
884275 54128
490845 957856
906818 292794
698365 617265
863627 284070
50 5
269271 868029
843722 951919
946836 743195
330404 560395
599481 202169
50 5
838847 101172
527832 307998
560562 655990
130897 29551
348271 967679
50 5
197830 379517
70184 716888
258377 106636
919114 390137
625644 692728
50 5
450320 831905
382603 977713
882019 780102
453778 88455
758852 111425
50 5
943895 14551
115018 969733
586283 165163
205857 395283
796858 843906
50 5
425918 795741
74505 617363
492539 535745
587337 450607
421961 759256
50 5
432369 613595
749785 130338
528191 596593
698091 522088
902162 770811
50 5
201854 863427
441271 485338
87617 613254
120557 3905
314055 538508
50 5
600816 339310
211247 90990
601075 153247
380183 760471
653598 699642
50 5
838631 723941
75576 608146
616604 605972
92842 463243
860240 247465
50 5
801097 531445
222668 714314
507370 893400
484154 412075
395694 799551
50 5
576365 688216
296457 562433
446913 312233
171536 698379
871591 896593
50 5
356394 941673
469081 188212
28371 126787
50275 852890
865367 640223
50 5
961530 475395
238118 732362
110321 997265
776677 130476
110329 144483
50 5
802282 886835
182507 463668
876409 567966
69494 387795
733411 328240
50 5
216965 761441
633638 681031
509120 736855
271526 316581
373377 415904
50 5
726474 621913
701710 968128
723698 445633
811858 476397
857534 908238
50 5
6311 696184
798084 385885
925979 288970
987855 862086
554040 349507
50 5
395251 459350
718978 237226
341103 4867
201213 204861
793278 494828
50 5
132920 86479
828126 281627
533020 343795
339955 261322
62551 137066
50 5
50871 586115
779558 139266
39533 738606
1641 29724
336242 342025
50 5
921488 422850
364490 40010
872483 455608
608964 901912
67687 926902
50 5
681968 708959
166178 810711
328645 51218
553163 768957
945983 231802
50 5
465660 635859
546113 174577
914443 279183
657882 545836
72230 848451
50 5
254452 79006
874468 765238
906816 859765
494175 891752
819455 645894
50 5
374685 57452
802904 121892
212662 724167
836079 631484
105632 770299
50 5
956082 873927
750263 53735
972050 11125
372476 624319
632836 109549
50 5
982758 84157
731426 142668
649099 453251
219851 889397
450154 686133
50 5
871781 867331
33430 942716
576414 971152
885972 607397
189151 361712
50 5
837652 774010
982780 786582
760929 146016
420132 385254
701773 888755
50 5
527435 566574
24725 616629
516383 14032
409319 15624
659370 234566
50 5
793849 696405
257726 471979
156546 112294
184894 127549
458564 288832
50 5
824160 431015
166635 471982
964077 559805
974395 975878
723336 810431
50 5
750261 399831
437034 979017
938008 24026
268628 74337
688133 508150
50 5
486330 26358
225574 380257
361977 660433
910729 901590
596802 543071
50 5
659229 7865
566146 243776
14776 504798
760042 707521
70452 953343
50 5
399282 238263
150526 305381
624266 762717
428768 951250
912513 908501
50 5
931944 130548
224293 900184
634166 800495
650109 154588
114991 966177
50 5
376354 235641
838651 918296
976576 149099
687023 879528
245682 925537
50 5
211798 14688
424073 924593
454538 12127
642494 211357
382873 810935
50 5
942114 171158
823484 201254
234779 59380
365042 29355
640028 414450
50 5
576538 725974
423778 259019
486854 708221
903450 376423
187388 474465
50 5
150109 86178
396368 412517
899429 216043
107415 744800
323096 949041
50 5
191261 991114
202593 815340
954850 567118
848001 348170
286452 985760
50 5
658457 980773
986388 762427
512664 832903
64221 946626
25941 233512
50 5
122699 184840
426960 216867
536139 920499
793961 906411
626867 879710
50 5
940272 70702
967986 905899
841842 593631
452939 915142
756114 606194
50 5
360231 633696
423731 1900
372723 636934
87094 191849
817170 767443
50 5
346815 769473
625838 891007
373104 54380
208732 172907
988715 988754
50 5
495999 483547
879356 697833
435892 693832
598890 960638
158323 196460
50 5
497336 447313
682387 498781
466461 570244
496355 445240
447380 478086
50 5
229224 17174
651459 299236
498621 325484
741025 271391
70412 972469
50 5
274726 842975
196544 272908
119323 207430
230485 243538
476404 342985
50 5
287367 157530
110182 375544
701477 89529
277707 781258
798292 216983
50 5
770352 748589
637017 791616
617554 673457
189179 93956
775511 152950
50 5
724693 775772
47717 571018
497760 32781
852061 189370
561046 66112
50 5
58086 284790
259962 845442
584872 790370
19664 452049
531026 935667
50 5
275822 713680
111486 759062
401846 837927
691497 330999
250842 11640
50 5
576401 879967
922535 696352
612146 914096
311188 417512
787261 800208
50 5
966838 851012
807890 479074
439143 383853
876884 317061
693995 61450
50 5
970819 103581
723404 981849
734531 150456
140976 409130
31704 482331
50 5
294940 636987
331011 804995
550023 848820
636076 593771
118885 414759
50 5
815223 940631
422523 573539
35786 891800
127388 158995
347678 226968
50 5
662611 997867
919338 945345
509706 830448
99992 841229
65954 598254
50 5
603380 543484
23835 578216
671344 216418
322467 577484
791258 165925
50 5
648237 668161
606640 151485
213734 386231
280007 194384
434500 13617
50 5
329884 708782
327482 244976
864891 844779
982438 89729
242086 692253
50 5
751096 840888
797585 844198
257574 530932
288388 136959
676337 586396
50 5
345207 419266
776503 173591
995414 807258
685099 276163
34814 376502
50 5
496560 931802
722355 39017
279002 757330
526799 723098
383802 190731
50 5
645880 136816
345176 285079
861179 455571
619126 379879
646448 51171
50 5
369138 952634
293087 738130
457831 787659
938680 886178
999970 104416
50 5
838556 661068
451226 913744
974110 718370
157961 28448
598696 816248
50 5
850198 209246
675062 277834
771984 364720
88209 879389
267797 917865
50 5
765996 893784
333262 694189
636775 343488
597525 718879
53108 629058
50 5
448965 665948
902985 657631
143513 856833
897443 271794
352720 882183
50 5
541415 470173
343034 741307
928034 889457
920538 562177
967998 39308
50 5
480504 563704
25613 965684
947594 634554
187269 62755
44292 830543
50 5
505178 735972
81224 334536
755732 583264
896485 160674
658899 443651
50 5
255016 183586
278065 578590
798920 787112
301014 456685
372790 661491
50 5
502503 960336
914353 198612
341126 277561
148542 5615
154360 304324
50 5
248491 740326
923837 724276
689641 551778
365580 761126
857087 730844
50 5
579391 539255
261122 915676
923832 940445
760186 93815
816454 370701
50 5
287949 790122
991189 773513
750511 720997
121812 656241
211864 488504
50 5
423491 612233
709923 613671
445113 950054
523222 695957
944516 468832
50 5
397719 189620
478425 875979
928956 139373
566720 580329
646676 13991
50 5
257414 890559
967626 891634
582024 58106
952924 331178
715440 127653
50 5
196031 502959
351542 595102
767607 406885
310273 328527
126753 119425
50 5
662667 879081
229955 342594
277005 521997
481950 478619
780727 292718
50 5
503287 633256
581166 619119
74176 207099
945296 799083
210262 602069
50 5
185403 40777
638624 478662
473532 790804
167068 876542
606499 700568
50 5
681819 280881
22323 698749
238139 409413
242159 898512
485916 619151
50 5
489566 525606
275503 116716
247495 727675
496455 655679
824414 604300
50 5
906036 916937
175366 507160
452180 435110
34228 433438
63571 923989
50 5
4530 465461
952329 365551
566891 385781
450160 156671
793956 304899
50 5
146923 204011
186472 132965
137949 646584
218184 472266
779162 973930
50 5
481479 803695
220878 919027
803370 197698
498629 300074
810528 24730
50 5
435498 533745
791195 522279
659672 591633
409558 688688
293711 432864
50 5
726748 532554
343977 712919
406861 307944
402297 408370
820236 186409
50 5
44135 91186
318385 800306
362290 917329
220709 136905
362401 891131
50 5
527518 182253
144726 34164
928656 47402
704416 257661
705022 567615
50 5
571953 343399
702464 308165
583657 755571
271110 68093
997536 356044
50 5
582019 355582
70943 960212
728326 836727
31414 35134
54176 795260
50 5
677549 674680
431174 785913
609491 261345
522622 672859
24726 570710
50 5
711375 341809
492169 951070
106150 886878
465613 87373
650790 332511
50 5
753170 571800
852288 458810
568834 541532
693275 542144
957560 329914
50 5
812630 629348
246060 683317
315805 693805
438539 199365
361851 432579
50 5
848680 106773
195025 275385
111121 102658
426099 790592
760155 784929
50 5
106711 337881
671071 573541
884687 186725
800061 739006
733778 833045
50 5
332576 572662
759812 26894
171347 402670
219705 899840
233569 901804
50 5
809241 847518
334242 398602
631556 681144
481728 818134
87953 68750
50 5
737230 287656
864047 346705
403049 679432
790398 827219
557403 314561
50 5
72839 131360
628103 5631
799911 142645
951873 569611
243907 542221
50 5
918081 811680
424773 952942
310277 707867
870341 892038
898096 435173
50 5
365678 698902
917481 102048
330447 795431
668484 48333
810533 302815
50 5
320681 21876
607981 247236
221385 93026
936118 121799
218853 601605
50 5
619561 901608
977887 815274
531498 812111
966493 397623
578719 168016
50 5
28475 85992
965690 39369
424924 308657
770447 326226
635134 918195
50 5
621524 894249
782162 85212
551384 333246
296847 165233
682728 93055
50 5
901849 580889
548832 854459
115510 925811
817686 768924
5646 187712
50 5
637633 130249
806351 720202
432802 556638
257837 490926
319223 81870
50 5
446240 239724
643774 271013
580546 589804
279207 340979
678502 125027
50 5
582698 565865
72754 125403
953718 908896
794155 577522
436190 963019
50 5
675363 727089
635915 797023
39522 267057
432615 924440
753867 189816
50 5
644521 255153
483574 655448
86030 658922
303044 137694
774100 54691
50 5
257762 317527
619449 288315
405249 26329
230031 282290
818700 337443
50 5
929218 559087
138628 800137
336070 481210
761440 589413
772967 490958
50 5
235040 56106
380728 431174
938159 686888
339244 217476
384949 592595
50 5
275794 473619
258332 98510
877742 184682
854385 590346
734304 78761
50 5
255556 202906
932845 317853
958193 192014
39434 126801
258925 20863
50 5
371036 64451
975974 22448
129640 507932
276832 419889
299259 674675
50 5
975642 743852
177929 296829
217747 924313
240438 587012
823824 649614
50 5
868630 556098
374160 77836
461642 666685
702098 299712
597964 364796
50 5
597700 939833
759080 707120
787574 250384
838454 682181
998930 509645
50 5
531665 534055
851960 728164
335638 959438
127690 2103
653096 580813
50 5
726928 370530
599612 552968
831206 519519
154383 557760
420814 975881
50 5
308191 331981
556394 30477
587179 681234
956749 672789
134054 136873
50 5
454651 151544
103565 723760
82079 421721
82740 124613
391317 48028
50 5
826860 342225
293526 674914
112201 444073
724886 863852
231954 915617
50 5
185300 429342
567802 481579
242098 574705
176873 139708
138304 600984
50 5
500699 489979
794019 160946
983411 460167
504186 380089
275806 126036
50 5
836293 921212
992731 902038
492516 680370
169481 490364
61650 954903
50 5
369139 284478
793409 531807
143418 497146
47671 447821
941561 110617
50 5
294617 931938
934513 514366
29758 917194
755643 336681
934053 851421
50 5
498364 670750
571820 77132
490123 639936
506670 760875
105720 566653
50 5
749499 888813
884429 763893
193800 878789
436178 480929
270602 805494
50 5
15452 582406
37661 818226
306752 928311
354464 954042
99305 387088
50 5
257720 878777
367619 52698
316674 899496
704095 72351
345593 570756
50 5
74621 606978
686771 317312
478276 867021
909709 544695
304372 579824
50 5
221420 118295
519281 264666
180604 483695
578246 442344
673296 508099
50 5
142185 233508
104311 269495
298679 842737
14836 714981
992996 363606
50 5
584108 463781
88066 499034
308079 145698
522991 377640
891070 851335
50 5
10034 616919
164573 411037
90366 465029
292290 372170
11616 847128
50 5
727247 361590
328752 611465
551283 681061
776352 564618
23104 899380
50 5
992138 701080
925290 3832
127771 434139
98536 573801
145959 163553
50 5
977207 371681
344831 71239
153211 508164
599371 94052
517236 987920
50 5
997115 922186
576504 234896
480050 350145
139446 655187
741030 125391
50 5
115194 328481
799992 380901
164263 57958
852318 550073
499815 976670
50 5
493603 836659
322137 584813
534861 592629
841236 817518
587237 277777
50 5
675271 689162
303480 68702
187177 227268
274130 318540
430061 939654
50 5
315050 316132
645069 271162
284835 601529
826376 290568
49005 926443
50 5
185005 549066
485646 928838
169856 700274
842166 432872
166904 22607
50 5
757755 311039
661135 756012
661845 324428
123657 676294
452195 858219
50 5
376658 598727
119315 499984
935022 80944
467086 589702
281916 457841
50 5
885060 937135
678190 624290
525320 13773
930624 897738
166903 980453
50 5
204361 121010
241877 55532
752538 258547
506827 589429
270967 724493
50 5
323998 431435
655656 712710
493159 494214
775543 585474
371679 460976
50 5
85269 277047
438898 8862
456974 604081
805413 307612
997 742251
50 5
76819 247436
959601 622363
917710 397212
390459 468526
413789 13984
50 5
615345 812814
808462 520365
38717 226711
847334 88384
379218 807236
50 5
976762 763543
948420 546001
896973 972412
710323 333046
541174 972378
50 5
296357 635595
197315 331263
778534 450570
65445 288536
352109 481335
50 5
47798 343708
805953 860689
260144 504224
211181 650858
673986 667458
50 5
72172 795586
545585 622014
414727 750585
226540 355618
386252 128509
50 5
86768 113129
703833 681679
981613 471393
815014 676584
252631 332621
50 5
135604 742986
464325 721810
857873 477558
336777 85654
897147 35544
50 5
218956 131733
642909 811694
647309 931874
117172 76048
627499 47660
50 5
855639 12797
301152 398558
705711 274090
909979 758481
91407 447480
50 5
307961 362965
666788 611436
550775 867301
618240 745560
528568 364984
50 5
276017 886515
14774 526790
622476 170994
907093 831788
674314 916705
50 5
996413 581171
600425 366464
266545 742876
919954 947112
872340 915117
50 5
157222 916669
836275 189105
840224 98754
302754 271284
985568 403325
50 5
960376 872951
458874 391224
608858 309725
498678 419803
210521 210911
50 5
852767 641311
371604 114772
609371 588761
284117 831736
481118 279369
50 5
389264 553541
829689 859239
397364 589136
437337 59630
713126 475534
50 5
260201 828578
12140 33790
682071 375730
290397 936406
28866 33898
50 5
564148 13018
683505 385647
479552 951717
365985 558447
26254 610541
50 5
121003 699196
604711 536285
732609 853668
230956 574383
319605 452627
50 5
331921 972059
225114 962680
411743 568331
361521 681404
707285 699266
50 5
629048 796655
786178 70289
921988 213180
951095 84659
52372 997958
50 5
169046 211609
621662 983580
813062 52586
80697 536278
337979 711753
50 5
570620 887580
814248 718544
986686 584399
540278 429836
879974 490917
50 5
381715 635424
761736 934835
966577 223212
915583 939767
886796 704981
50 5
175484 917896
487506 660389
775824 103646
191551 470871
444693 15349
50 5
69235 6417
887779 434198
758332 63514
988266 681513
69664 361330
50 5
537241 340031
556558 620786
422585 201502
136448 161824
867263 356890
50 5
313753 274386
152495 531759
191972 251556
529315 545068
706278 544582
50 5
46893 785099
741756 573141
452077 338758
861043 434715
290256 172846
50 5
677940 146506
625573 844957
699497 951060
979884 16870
928514 956317
50 5
898883 91863
136319 409416
536501 983034
729832 652514
631206 889338
50 5
293179 574564
995317 767873
609903 837055
19013 877547
506278 243200
50 5
744497 737091
286048 36990
146009 678175
976465 723617
770623 474967
50 5
690629 832220
3983 668022
213507 485363
239201 314407
698993 454538
50 5
201035 582911
877165 29544
239689 218413
426369 728167
679320 701025
50 5
817816 853853
328166 188449
215371 286443
12714 452690
68282 216133
50 5
245300 530110
255761 575601
159010 466211
501389 40040
72971 538292
50 5
407975 691235
638145 992209
518685 880839
887957 614252
14129 724831
50 5
78181 934329
518518 972288
328622 203463
790399 276178
624055 90935
50 5
557327 142706
753154 662300
665590 320032
920083 288790
164535 332006
50 5
108070 509464
875127 80600
539821 765317
210669 928559
184517 18774
50 5
293773 757198
10372 515635
666612 108332
674296 192488
258533 913064
50 5
220569 983294
397962 201751
776766 761495
265859 918889
524184 459057
50 5
397236 527984
56889 454430
395393 700464
732221 494719
499379 669200
50 5
698917 933462
596181 859609
840170 520422
679555 491481
267221 786977
50 5
428913 747677
84317 942895
905900 821894
782700 255454
58511 508125
50 5
436705 494566
810616 726338
982745 203479
597617 958476
33220 480844
50 5
405483 516824
172661 463168
870200 187686
550372 664946
256775 448519
50 5
330569 217382
59973 977500
66097 366386
213229 126930
936292 943665
50 5
524363 991930
93928 109241
529221 238173
670633 674446
739332 530645
50 5
838577 51447
758130 507687
62977 351184
133282 61211
165130 833191
50 5
939768 950819
907121 577918
423132 596871
682279 313075
12135 373840
50 5
146227 675719
830921 29728
533794 128874
554264 148459
85360 966350
50 5
615282 339225
749915 193584
564638 420576
886795 549907
340604 267152
50 5
125066 222338
277583 780121
912002 942808
758281 208158
247584 550443
50 5
378021 16879
432246 552600
672024 500645
448059 198133
256482 782468
50 5
992800 395339
207811 294068
699253 605461
922461 36262
518041 520626
50 5
487123 851988
608366 642890
118293 892972
982487 891943
14082 773912
50 5
807172 403258
587138 207796
255218 729899
529967 505033
570119 114627
50 5
12490 134460
679339 188791
35158 915220
239865 615270
909130 941518
50 5
570828 821230
922556 542783
149860 764592
435200 254367
33546 551444
50 5
675961 709984
114301 478749
954499 404589
942776 220457
934778 52776
50 5
124445 114260
641704 518132
964738 935075
403367 189743
398852 811207
50 5
488771 620863
897242 329934
762387 380137
209171 275823
15088 540646
50 5
921012 399672
804131 280139
830581 147592
566133 237146
132686 734521
50 5
4662 252780
639119 152397
682556 161394
651391 16199
156586 849424
50 5
503403 153557
165914 744983
119995 418126
722854 727361
393079 560003
50 5
840133 873216
435432 957293
98274 870663
782990 173859
443407 941977
50 5
611146 139386
145393 672213
812634 600613
374027 351592
976829 371281
50 5
505770 382764
894917 501098
740274 710666
972842 806509
81323 462371
50 5
163409 542343
883210 57763
520887 16659
704717 564684
836357 751045
50 5
378774 94241
48029 116630
167824 357741
218042 540100
455147 401637
50 5
566260 866513
138970 828630
199340 791147
606818 752960
344335 150392
50 5
861587 860023
690490 443605
957744 748900
459530 365475
526360 262071
50 5
314805 399140
566121 133226
281509 927964
556349 790962
198766 915018
50 5
826947 430366
660878 941505
699664 360808
142250 608440
666410 610859
50 5
408045 287115
436895 532672
665016 614730
984826 292443
844430 244871
50 5
154045 329351
168147 224550
398030 828867
351802 17957
675197 174105
50 5
396287 934805
588996 656400
440210 881522
148064 945398
789608 782472
50 5
620256 566193
763397 38546
601777 414579
567548 810615
693074 670453
50 5
482554 242270
489232 98852
316695 326984
453576 297274
80851 972133
50 5
439613 750333
420757 602187
333814 502839
729922 788775
641403 553294
50 5
531756 79272
125109 750812
482448 708844
311162 665847
13052 211068
50 5
856020 600977
844244 929861
424842 944192
594730 932222
654666 803295
50 5
123333 269382
149655 768766
322545 485767
736645 890014
425800 537835
50 5
701205 10832
938261 729501
414625 310504
974913 672067
5896 504953
50 5
797102 953204
996011 466469
837325 450749
812927 676540
406199 438393
50 5
714430 602192
774513 482970
875694 729585
49005 924049
495296 187504
50 5
457314 517060
576137 996558
163396 329171
577163 325188
981032 910767
50 5
126278 681942
692991 403548
35459 552259
456867 869812
20663 881206
50 5
238268 445068
27607 666896
991192 997686
719706 550511
146329 134027
50 5
177015 178205
252899 750448
475049 188666
411310 935183
826374 474227
50 5
239063 95699
65917 471950
316851 798347
40356 121481
494163 213718
