32084973
41680896
40552356
43361959
45663706
46820873
45994140
12116046
39670267
43884327
43096125
35920249
36331937
46531296
42198385
46938743
47218089
38767364
46443803
43189230
49479572
46703807
40792229
46146034
33937668
48562670
46568386
42578282
47187660
49043487
49256007
36117956
31244321
48173689
26469793
43645490
35893264
40039184
49259121
49269329
41724755
48574539
47591393
44467302
22507962
37555185
48984928
48276819
39866521
44485842
46914627
45623704
31319263
48447416
48436217
42300972
38969878
32168406
49399551
36112266
37918897
46828259
48713424
42401340
39205941
44133388
42369215
49236060
47851684
45281568
45659791
47227632
39717045
45601726
48954836
46906372
43644200
47825914
46545189
45267213
48005564
48688820
43331530
46034282
25859222
35579615
44749427
49675694
33985584
47966291
47056036
43521874
28934783
37879947
47848812
46725880
38459941
28254284
31094329
36256376
48690291
48819901
49200322
43778427
47892325
38049960
39542122
48154171
37598018
16918454
43305140
44244884
47826229
49043664
48713746
45388280
42221803
47826681
45617255
49144364
42671502
46469850
42862356
26290422
30183695
42724053
48124240
46112929
35087440
42808728
45216435
38012069
41561489
16600154
48859374
45326001
41276552
48886159
34632104
49282652
23899894
42281074
44516265
46798990
40189990
36646737
45146906
33323171
44971541
27072335
35911484
40960423
40799222
43716477
35107862
39306070
48008516
44062577
45736069
28213103
38194172
46932911
47237924
48632154
35581763
46424523
49664963
47483882
37331988
45800716
47967846
49156022
42301730
45598692
48733954
46826946
42515625
38814373
31877469
47297503
47910344
45563959
43079138
41229388
48139976
44381892
29899206
47811653
39219268
49182372
48171069
44497429
45805387
40143730
48638991
36631877
42341064
36790904
33362968
49518876
46861634
47123263
23121015
46475735
46049731
44588140
27994566
42722713
32625428
43358091
40388767
36063969
32793655
47639203
46392378
45835760
48982508
39512175
48519544
46684655
45266519
47709252
45270127
38770850
43529499
35731160
49017726
45400034
21586901
45972236
41146367
47817022
46283331
37671422
46516625
31082300
30703184
41508572
27436895
48634464
42796568
37629276
45331246
43983064
40163660
48352787
47170856
46531623
29171328
32125660
39033249
39863066
41631459
44213182
44754980
46192123
41217130
45098230
42375548
37988506
46040042
49267907
41146581
37638926
48961712
40759300
46487953
43602869
43517761
38577132
45000116
47709166
44414132
48600014
39865897
49197257
47253811
44166505
41147733
46577336
47511342
40580642
33530633
28189824
25613853
42198617
45816147
44387957
30788194
39340438
44841197
45697130
39014989
42142869
47999058
44622961
38628470
36386255
48576314
48436257
37569335
46733327
49310830
48046061
43395723
38878529
47177443
32209846
32244624
41322708
38455734
44871377
26643063
41815415
39743191
25270346
46838475
48187767
44921653
42038252
24680783
44034059
48581839
38687908
29975877
35797217
42746606
48140548
40167454
35332390
43182273
49536098
44732252
44649650
48063469
35083505
45507519
36669789
49063668
27884518
48566610
44453217
45738570
36293658
43794787
43397104
44908019
42719511
38012051
45819405
46046439
35397026
38197085
32401547
39588570
49199571
47619469
41510227
42569886
34512900
25955591
46413896
39003513
41088791
32225086
43974601
39466371
48469463
48380112
34396655
41960745
46567559
33589955
47771029
47987036
48246243
29330935
20185887
48751559
43346431
38732885
43253253
43318338
49362106
42902067
35816803
48544510
38596234
47762970
49277016
48956853
47221664
39539068
49676515
43990735
34249460
48498618
36911811
49503949
48430353
24720811
47499851
39937398
45969650
44081055
42684327
37179196
43805583
45393836
48328430
43129250
37096438
45266058
46721658
32300309
44644068
30631126
37691006
47605463
39534969
27825384
44267647
43503100
48407978
47009067
30464350
47017759
47787659
28593146
36222644
31091887
32891015
47885856
38838869
39719752
47137906
47893630
41881422
48037220
45207733
46997998
45913859
44153910
47543530
39375453
28498900
26766165
30004572
44537255
43067471
46300608
32114401
48747082
40925203
44732333
46446445
26919831
46782306
42248204
45864321
46020731
33221533
48267655
44866351
38449231
39996686
33820144
42144900
33260414
45722056
49421593
48158169
35353833
41425211
21605771
48667976
37908358
47855915
42044918
37225029
44540741
38578338
43692121
38452940
46974640
46445968
47318412
45951725
47623726
44261431
45686686
33611736
45492986
40986053
38961476
45157783
47970617
34245937
41501118
34315332
47653137
32843427
29804207
38722342
49371577
43808034
48460985
44316722
46544503
30388376
49487555
48647295
31853506
41817978
44772604
49691019
38108755
46192382
36382080
45153269
40429348
41984470
49630714
39829774
42122363
38698615
47690228
34804816
41886621
42046917
48963914
47296435
15136552
38627344
21011320
42082646
35286101
44343438
42724638
44211165
47946598
47402741
45232249
35889197
44532357
31870912
48583698
41839191
33140634
48752672
47769259
49260152
49062434
35320145
46098405
47475198
47181853
26086072
45534707
43795159
48091169
42940753
45547610
40529975
21690894
43598241
43190158
38521556
45100332
44190972
46119944
44303220
45512369
43128402
48640505
42859165
41964858
34219807
42534894
44965839
38900032
47634288
45634078
48094113
37903216
43454180
35491846
42402416
43930473
48428264
30053405
31180061
45091371
22840897
48308766
49105200
48465867
31160011
44175214
48386800
49152633
33728220
44234398
41990210
28256824
36299830
46500090
37528109
47543083
40577864
36542703
35997736
40123721
47048482
31569140
40645988
46309602
48398068
37601620
44499997
47147491
47923972
38657226
48940883
44461120
44384292
46289707
40655642
38261963
37115945
41114971
47471519
48315075
42049703
29194620
45843608
41332962
47770756
42420478
45587470
43612792
28968809
31062602
44357680
48086921
33974900
41755469
40961662
32769763
44939699
44588043
48162698
44408622
48429621
43081832
37957274
39424711
17399573
45732037
48644948
15169445
18817375
44360230
47289860
44213575
28595741
41601659
32300873
48029797
47476516
48983294
45112790
41151630
31896555
30860606
43381438
42504293
46865277
38183944
44304250
36671841
36747692
38698741
38582732
47089954
48942694
43833137
35567826
44009514
46774258
38453037
39616637
43219822
49644677
48543287
48896914
26568250
34982941
48862641
45394732
43945254
30588314
47216579
43183862
49026747
49144505
29896795
28186917
41196332
38471022
40492652
36913747
46240588
48187089
46091351
45044031
48746712
24886728
44074228
48774989
46565055
27350063
45432587
46859582
39940895
39346847
46053461
49200318
43052642
39733162
47451417
31089861
40156053
41669475
26430897
46569574
47440208
47425789
47487753
47764542
35399922
48290540
47631935
39417227
38671901
42509777
37643262
36448039
44283970
44804648
46498371
48976306
44257197
37527574
48139982
43293962
25264000
17863306
36272179
45485885
40026289
41712321
44205087
37948668
43876628
43893665
48162862
44344793
30282287
34917694
48792417
48408867
45088639
46784259
47040018
47457664
45893435
45729130
21884776
36326740
46826105
48755847
48721949
45640590
45391410
38421877
49437661
47670152
28520560
47721393
41580501
38576383
39426201
38813810
46378709
41460269
45411289
42692298
48834005
42142203
46906142
49558094
28952713
33388126
42396721
42163287
40551056
46154858
23728899
47095540
45285048
45243182
44561412
43615749
44621049
47344129
36748079
39367408
47558967
37919426
47005637
39204994
46997759
43454373
44718982
29684045
43737636
40100363
43117626
44269247
36000309
45835949
23728912
48501732
45253201
34257777
35398154
45311411
29015999
37848601
47121331
38940911
47094599
29559093
34431075
39285427
41604625
44421965
42337623
41360957
29151604
47118931
39443718
30038387
44939517
45674184
44439725
45480249
36096249
29623610
47624121
45730175
32719178
17703219
39474422
34595671
30212693
17147982
33659633
45560413
33366565
46708614
47348100
48238983
34243160
35567805
45097187
29586520
25321349
46889725
27261706
45964269
37789545
44301336
47102522
44391978
43004993
25651476
41743051
42606485
41520888
44092724
35569268
48925316
46184229
48356645
41494471
46473107
45444712
45998708
42504926
30050576
48209100
35799169
35641279
36434458
31750735
40477751
48549511
31583451
42979714
39055886
34539373
36810966
46309135
38172706
43048524
45592859
47377743
45142902
43734975
41060212
42932400
46174291
47113685
42562341
47962812
48952314
48817082
44161146
46990976
45152388
34665488
31221549
27398857
38592688
47811614
48705167
43136586
37134862
41469409
36255550
42656613
28460210
49256386
48160630
33466927
45710060
44998669
48401975
34749886
46438555
46286172
47587210
33337980
47957473
49128933
40996875
47529899
47436510
28112352
47109594
38597414
31071181
44687694
36097542
47043512
40912424
36167278
46783413
31328961
36476376
41778362
36670081
47342789
33528867
40580191
37769727
26682942
43025397
43100435
45751745
46794623
31386582
41012513
46472566
40287683
47715368
39379897
36914897
46690250
44347331
36929222
47546905
45327406
49407479
43199757
49877806
46235277
39435854
